precision recall f1 MCC TP FP FN FP AUC 
0.7770602443288673 0.7923250564334086 0.7708352428679328 0.39473682252796083 0.2076749435665914 0.47374075102513713 0.7923250564334086 0.526259248974863 0.7516569459172853 
0.77721726044427 0.7923250564334086 0.7764322068501214 0.4054466923063377 0.2076749435665914 0.44550639259459635 0.7923250564334086 0.5544936074054038 0.7614130434782609 
0.7712328224624767 0.7878103837471784 0.7646086688994995 0.3780668899946992 0.21218961625282168 0.48661738268673294 0.7878103837471784 0.5133826173132671 0.7674178154825025 
0.7656137558377766 0.7832957110609481 0.7644747271951815 0.37289793340166655 0.21670428893905191 0.471259655917788 0.7832957110609481 0.5287403440822122 0.7695387062566279 
0.7743974750552962 0.7900677200902935 0.7664837330777347 0.3844557537777354 0.20993227990970656 0.48582593854204315 0.7900677200902935 0.5141740614579567 0.7696049840933192 
0.7740288563827133 0.7900677200902935 0.7689469912044284 0.3885003917124388 0.20993227990970656 0.47453219516982686 0.7900677200902935 0.5254678048301731 0.768372216330859 
0.7872598019280678 0.7990970654627539 0.775297111634512 0.4126479366409023 0.20090293453724606 0.47701329027717604 0.7990970654627539 0.5229867097228239 0.7657608695652174 
0.7883535930276071 0.801354401805869 0.7830320335963676 0.4272198069722361 0.1986455981941309 0.44798748770194546 0.801354401805869 0.5520125122980546 0.7721765641569458 
0.7781194602798076 0.7923250564334086 0.7670730921601364 0.38921401431699876 0.2076749435665914 0.4906813660834616 0.7923250564334086 0.5093186339165384 0.7725212089077413 
0.7854181778255394 0.7990970654627539 0.7811113071254179 0.4210610067595687 0.20090293453724606 0.4487789318466352 0.7990970654627539 0.5512210681533649 0.7812036055143159 
0.7682671565493621 0.7855530474040632 0.7614618778751053 0.3696148772594766 0.2144469525959368 0.4930556985175309 0.7855530474040632 0.5069443014824692 0.781389183457052 
0.7769069329933825 0.7923250564334086 0.7742882802287157 0.40096824512587026 0.2076749435665914 0.45680013596681257 0.7923250564334086 0.5431998640331874 0.7822375397667019 
0.7624036740094965 0.781038374717833 0.7537189849125443 0.3502147657167101 0.21896162528216703 0.5115792018652349 0.781038374717833 0.48842079813476513 0.7831256627783669 
0.7797790466073562 0.7945823927765236 0.7750703626770213 0.40491563497729677 0.2054176072234763 0.461655563508231 0.7945823927765236 0.538344436491769 0.7837221633085896 
0.7626943921565685 0.781038374717833 0.7522983742064174 0.3480417856736795 0.21896162528216703 0.517226073551343 0.781038374717833 0.48277392644865696 0.7839077412513255 
0.7743974750552962 0.7900677200902935 0.7664837330777347 0.3844557537777354 0.20993227990970656 0.48582593854204315 0.7900677200902935 0.5141740614579567 0.7831521739130435 
0.7698141281358073 0.7855530474040632 0.7559733030246346 0.3616870129122337 0.2144469525959368 0.5156431852619635 0.7855530474040632 0.48435681473803643 0.7867576882290563 
0.7688025604037125 0.7855530474040632 0.7587969439865124 0.36547894726064 0.2144469525959368 0.5043494418897472 0.7855530474040632 0.49565055811025277 0.7873011664899258 
0.7728256477412886 0.7878103837471784 0.7592557837289299 0.37040628102759593 0.21218961625282168 0.5092048694311656 0.7878103837471784 0.4907951305688344 0.7852863202545068 
0.7747403277361607 0.7900677200902935 0.7651981054158383 0.3825544250873721 0.20993227990970656 0.4914728102281513 0.7900677200902935 0.5085271897718486 0.7858297985153765 
0.7692431882021886 0.7855530474040632 0.7574056242227799 0.3635359582245227 0.2144469525959368 0.5099963135758554 0.7855530474040632 0.4900036864241446 0.787407211028632 
0.7743974750552962 0.7900677200902935 0.7664837330777347 0.3844557537777354 0.20993227990970656 0.48582593854204315 0.7900677200902935 0.5141740614579567 0.7863069989395546 
0.7787159919588675 0.7923250564334086 0.7657450717175945 0.3875625504307641 0.2076749435665914 0.4963282377695698 0.7923250564334086 0.5036717622304302 0.7868239660657477 
0.7801728887353556 0.7945823927765236 0.7727279708058326 0.40108550547850413 0.2054176072234763 0.47294930688044734 0.7945823927765236 0.5270506931195527 0.7861479321314954 
0.7810000648321143 0.7945823927765236 0.770247608525175 0.3976011808641372 0.2054176072234763 0.4842430502526637 0.7945823927765236 0.5157569497473363 0.7885471898197244 
0.7711077485343851 0.7878103837471784 0.7658534003215834 0.3801850698126503 0.21218961625282168 0.4809705110006248 0.7878103837471784 0.5190294889993753 0.790084835630965 
0.7654633916159724 0.7832957110609481 0.7569458352975338 0.35890608527104506 0.21670428893905191 0.5051408860344369 0.7832957110609481 0.49485911396556304 0.7894485683987276 
0.7622344962580037 0.781038374717833 0.759009227385264 0.35957992901228575 0.21896162528216703 0.48899171512080214 0.781038374717833 0.5110082848791978 0.7901511134676564 
0.7591353572840543 0.7787810383747178 0.7518822068662324 0.3437521207480682 0.22121896162528218 0.5123706460099247 0.7787810383747178 0.48762935399007534 0.7908536585365854 
0.7561339690405426 0.7765237020316027 0.7527480121953561 0.3425029539035034 0.2234762979683973 0.501868346782398 0.7765237020316027 0.49813165321760194 0.7901246023329799 
0.7622208535442538 0.781038374717833 0.7550990991971648 0.3524609135338418 0.21896162528216703 0.5059323301791266 0.781038374717833 0.4940676698208733 0.7916224814422057 
0.768153428887949 0.7855530474040632 0.7627379915005944 0.37179422969100373 0.2144469525959368 0.48740882683142267 0.7855530474040632 0.5125911731685773 0.7916622481442206 
0.7688025604037125 0.7855530474040632 0.7587969439865124 0.36547894726064 0.2144469525959368 0.5043494418897472 0.7855530474040632 0.49565055811025277 0.7936108165429481 
0.7714578215609623 0.7878103837471784 0.7633277502073801 0.37602309441506154 0.21218961625282168 0.49226425437284105 0.7878103837471784 0.507735745627159 0.7926961823966066 
0.7654633916159724 0.7832957110609481 0.7569458352975338 0.35890608527104506 0.21670428893905191 0.5051408860344369 0.7832957110609481 0.49485911396556304 0.7914369034994698 
0.7714578215609623 0.7878103837471784 0.7633277502073801 0.37602309441506154 0.21218961625282168 0.49226425437284105 0.7878103837471784 0.507735745627159 0.794551961823966 
0.7816003331921445 0.7945823927765236 0.7689528621344488 0.39600731034849956 0.2054176072234763 0.48988992193877184 0.7945823927765236 0.5101100780612281 0.7973356309650053 
0.7682671565493621 0.7855530474040632 0.7614618778751053 0.3696148772594766 0.2144469525959368 0.4930556985175309 0.7855530474040632 0.5069443014824692 0.7964475079533403 
0.7757919842478087 0.7900677200902935 0.7625128742391426 0.37903013077536585 0.20993227990970656 0.5027665536003677 0.7900677200902935 0.49723344639963235 0.7977200424178156 
0.7866581120671646 0.7990970654627539 0.7765274434829934 0.41413750681425276 0.20090293453724606 0.47136641859106787 0.7990970654627539 0.5286335814089321 0.7968319194061506 
0.7816003331921445 0.7945823927765236 0.7689528621344488 0.39600731034849956 0.2054176072234763 0.48988992193877184 0.7945823927765236 0.5101100780612281 0.7970174973488865 
0.7773017947426881 0.7923250564334086 0.769616995093127 0.3928088697735612 0.2076749435665914 0.47938762271124524 0.7923250564334086 0.5206123772887548 0.7972560975609756 
0.7810000648321143 0.7945823927765236 0.770247608525175 0.3976011808641372 0.2054176072234763 0.4842430502526637 0.7945823927765236 0.5157569497473363 0.7975212089077411 
0.7740288563827133 0.7900677200902935 0.7689469912044284 0.3885003917124388 0.20993227990970656 0.47453219516982686 0.7900677200902935 0.5254678048301731 0.7984225874867443 
0.7838455626223386 0.7968397291196389 0.7733989097730235 0.40590795821589976 0.20316027088036118 0.4778047344218658 0.7968397291196389 0.5221952655781342 0.7973091198303287 
0.7801728887353556 0.7945823927765236 0.7727279708058326 0.40108550547850413 0.2054176072234763 0.47294930688044734 0.7945823927765236 0.5270506931195527 0.7978525980911984 
0.7900394331530267 0.801354401805869 0.7784344895558452 0.4208503901163189 0.1986455981941309 0.4705749744463781 0.801354401805869 0.5294250255536219 0.7987009544008483 
0.7858232165074228 0.7990970654627539 0.7788847550235926 0.4174208544125917 0.20090293453724606 0.4600726752188514 0.7990970654627539 0.5399273247811485 0.8005434782608696 
0.7900394331530267 0.801354401805869 0.7784344895558452 0.4208503901163189 0.1986455981941309 0.4705749744463781 0.801354401805869 0.5294250255536219 0.8017895015906681 
0.7917203965697777 0.8036117381489842 0.783853636933175 0.4318810857626682 0.1963882618510158 0.45284291524336384 0.8036117381489842 0.547157084756636 0.802107635206787 
0.7900394331530267 0.801354401805869 0.7784344895558452 0.4208503901163189 0.1986455981941309 0.4705749744463781 0.801354401805869 0.5294250255536219 0.8018557794273594 
0.788606078679175 0.801354401805869 0.7819313868975268 0.42548498827127523 0.1986455981941309 0.4536343593880536 0.801354401805869 0.5463656406119465 0.8025053022269354 
0.7866581120671646 0.7990970654627539 0.7765274434829934 0.41413750681425276 0.20090293453724606 0.47136641859106787 0.7990970654627539 0.5286335814089321 0.8027041357370095 
0.7830127401233496 0.7968397291196389 0.7758170854142818 0.40928857524327134 0.20316027088036118 0.46651099104964944 0.7968397291196389 0.5334890089503506 0.8039634146341462 
0.7833707670228995 0.7968397291196389 0.7746253212867547 0.4075508495524233 0.20316027088036118 0.4721578627357576 0.7968397291196389 0.5278421372642425 0.8032343584305408 
0.7861826186590588 0.7990970654627539 0.7777229604584516 0.4157311433722543 0.20090293453724606 0.4657195469049597 0.7990970654627539 0.5342804530950404 0.8027969247083775 
0.789439739303111 0.801354401805869 0.7796336474803824 0.4222928293312853 0.1986455981941309 0.46492810276026997 0.801354401805869 0.5350718972397301 0.8025715800636267 
0.7799260364450681 0.7945823927765236 0.7739158731140106 0.40296062306251523 0.2054176072234763 0.4673024351943392 0.7945823927765236 0.5326975648056609 0.8040031813361612 
0.7861826186590588 0.7990970654627539 0.7777229604584516 0.4157311433722543 0.20090293453724606 0.4657195469049597 0.7990970654627539 0.5342804530950404 0.8052889713679745 
0.7913629885362723 0.8036117381489842 0.7849573797022071 0.4334835002894392 0.1963882618510158 0.4471960435572556 0.8036117381489842 0.5528039564427444 0.8044538706256628 
0.7858232165074228 0.7990970654627539 0.7788847550235926 0.4174208544125917 0.20090293453724606 0.4600726752188514 0.7990970654627539 0.5399273247811485 0.8042417815482502 
0.7858232165074228 0.7990970654627539 0.7788847550235926 0.4174208544125917 0.20090293453724606 0.4600726752188514 0.7990970654627539 0.5399273247811485 0.8036717921527041 
0.7889652359178317 0.801354401805869 0.7807989279606311 0.4238403279585819 0.1986455981941309 0.4592812310741617 0.801354401805869 0.5407187689258383 0.8047985153764582 
0.7855710175718144 0.7990970654627539 0.7800138711896143 0.41919956763336796 0.20090293453724606 0.45442580353274337 0.7990970654627539 0.5455741964672566 0.8053154825026511 
0.792192348582762 0.8036117381489842 0.7827179501110706 0.43037678126600454 0.1963882618510158 0.45848978692947195 0.8036117381489842 0.541510213070528 0.8047985153764582 
0.7889652359178317 0.801354401805869 0.7807989279606311 0.4238403279585819 0.1986455981941309 0.4592812310741617 0.801354401805869 0.5407187689258383 0.80478525980912 
0.7955087115833225 0.8058690744920993 0.7846419736740101 0.4370348091101474 0.19413092550790068 0.4576983427847822 0.8058690744920993 0.5423016572152177 0.8043875927889713 
0.7982020785064652 0.8081264108352144 0.7877129397636897 0.44502241915975477 0.19187358916478556 0.4512600269539844 0.8081264108352144 0.5487399730460156 0.8053154825026511 
0.7962333036837148 0.8058690744920993 0.7834700693386669 0.43579282201673797 0.19413092550790068 0.4633452144708905 0.8058690744920993 0.5366547855291096 0.8052624602332978 
0.8035147566944874 0.8126410835214447 0.7937914007523392 0.4608015484628212 0.1873589164785553 0.43838339529238857 0.8126410835214447 0.5616166047076114 0.8062566277836691 
0.8015776838635339 0.8103837471783296 0.789650299867638 0.45177678888900946 0.18961625282167044 0.45046858280929464 0.8103837471783296 0.5495314171907054 0.806110816542948 
0.8035147566944874 0.8126410835214447 0.7937914007523392 0.4608015484628212 0.1873589164785553 0.43838339529238857 0.8126410835214447 0.5616166047076114 0.8060577942735949 
0.7982020785064652 0.8081264108352144 0.7877129397636897 0.44502241915975477 0.19187358916478556 0.4512600269539844 0.8081264108352144 0.5487399730460156 0.80733032873807 
0.8008702275067965 0.8103837471783296 0.7907626130533298 0.4529438333892029 0.18961625282167044 0.4448217111231864 0.8103837471783296 0.5551782888768135 0.807940084835631 
0.7982020785064652 0.8081264108352144 0.7877129397636897 0.44502241915975477 0.19187358916478556 0.4512600269539844 0.8081264108352144 0.5487399730460156 0.807423117709438 
0.7944497769545242 0.8058690744920993 0.7868874917407648 0.43985597407519217 0.19413092550790068 0.4464045994125659 0.8058690744920993 0.5535954005874341 0.8072905620360551 
0.8015776838635339 0.8103837471783296 0.789650299867638 0.45177678888900946 0.18961625282167044 0.45046858280929464 0.8103837471783296 0.5495314171907054 0.8071977730646871 
0.7976175766321325 0.8081264108352144 0.788822518842757 0.4463413171127446 0.19187358916478556 0.44561315526787615 0.8081264108352144 0.5543868447321239 0.8088414634146341 
0.8015776838635339 0.8103837471783296 0.789650299867638 0.45177678888900946 0.18961625282167044 0.45046858280929464 0.8103837471783296 0.5495314171907054 0.8085365853658538 
0.8035147566944874 0.8126410835214447 0.7937914007523392 0.4608015484628212 0.1873589164785553 0.43838339529238857 0.8126410835214447 0.5616166047076114 0.8103393425238601 
0.8024271742144029 0.8103837471783296 0.7885056491214886 0.4507352539171571 0.18961625282167044 0.4561154544954027 0.8103837471783296 0.5438845455045973 0.809822375397667 
0.7982020785064652 0.8081264108352144 0.7877129397636897 0.44502241915975477 0.19187358916478556 0.4512600269539844 0.8081264108352144 0.5487399730460156 0.8090137857900318 
0.798918749079033 0.8081264108352144 0.786571153888252 0.4438192598507701 0.19187358916478556 0.4569068986400925 0.8081264108352144 0.5430931013599076 0.808695652173913 
0.7889652359178317 0.801354401805869 0.7807989279606311 0.4238403279585819 0.1986455981941309 0.4592812310741617 0.801354401805869 0.5407187689258383 0.8088149522799576 
0.7955087115833225 0.8058690744920993 0.7846419736740101 0.4370348091101474 0.19413092550790068 0.4576983427847822 0.8058690744920993 0.5423016572152177 0.8086558854718982 
0.7917203965697777 0.8036117381489842 0.783853636933175 0.4318810857626682 0.1963882618510158 0.45284291524336384 0.8036117381489842 0.547157084756636 0.8089077412513256 
0.7927884305730989 0.8036117381489842 0.7815492986856226 0.4289783833325115 0.1963882618510158 0.46413665861558023 0.8036117381489842 0.5358633413844198 0.8092391304347826 
0.7949177317123141 0.8058690744920993 0.7857807705069805 0.43839208067389246 0.19413092550790068 0.4520514710986741 0.8058690744920993 0.547948528901326 0.8086293743372217 
0.7982020785064652 0.8081264108352144 0.7877129397636897 0.44502241915975477 0.19187358916478556 0.4512600269539844 0.8081264108352144 0.5487399730460156 0.8077810180275716 
0.7949177317123141 0.8058690744920993 0.7857807705069805 0.43839208067389246 0.19413092550790068 0.4520514710986741 0.8058690744920993 0.547948528901326 0.8078605514316014 
0.792192348582762 0.8036117381489842 0.7827179501110706 0.43037678126600454 0.1963882618510158 0.45848978692947195 0.8036117381489842 0.541510213070528 0.8073568398727464 
0.792192348582762 0.8036117381489842 0.7827179501110706 0.43037678126600454 0.1963882618510158 0.45848978692947195 0.8036117381489842 0.541510213070528 0.806534994697773 
0.798918749079033 0.8081264108352144 0.786571153888252 0.4438192598507701 0.19187358916478556 0.4569068986400925 0.8081264108352144 0.5430931013599076 0.8063096500530222 
0.798918749079033 0.8081264108352144 0.786571153888252 0.4438192598507701 0.19187358916478556 0.4569068986400925 0.8081264108352144 0.5430931013599076 0.8059384941675504 
0.798918749079033 0.8081264108352144 0.786571153888252 0.4438192598507701 0.19187358916478556 0.4569068986400925 0.8081264108352144 0.5430931013599076 0.8060047720042418 
0.7955087115833225 0.8058690744920993 0.7846419736740101 0.4370348091101474 0.19413092550790068 0.4576983427847822 0.8058690744920993 0.5423016572152177 0.8058059384941677 
0.7927884305730989 0.8036117381489842 0.7815492986856226 0.4289783833325115 0.1963882618510158 0.46413665861558023 0.8036117381489842 0.5358633413844198 0.8055275715800636 
0.7927884305730989 0.8036117381489842 0.7815492986856226 0.4289783833325115 0.1963882618510158 0.46413665861558023 0.8036117381489842 0.5358633413844198 0.8063361611876987 
0.7927884305730989 0.8036117381489842 0.7815492986856226 0.4289783833325115 0.1963882618510158 0.46413665861558023 0.8036117381489842 0.5358633413844198 0.8072640509013785 
0.792192348582762 0.8036117381489842 0.7827179501110706 0.43037678126600454 0.1963882618510158 0.45848978692947195 0.8036117381489842 0.541510213070528 0.807423117709438 
0.7927884305730989 0.8036117381489842 0.7815492986856226 0.4289783833325115 0.1963882618510158 0.46413665861558023 0.8036117381489842 0.5358633413844198 0.8072905620360551 
0.792192348582762 0.8036117381489842 0.7827179501110706 0.43037678126600454 0.1963882618510158 0.45848978692947195 0.8036117381489842 0.541510213070528 0.8072640509013785 
0.798918749079033 0.8081264108352144 0.786571153888252 0.4438192598507701 0.19187358916478556 0.4569068986400925 0.8081264108352144 0.5430931013599076 0.806720572640509 
0.7889652359178317 0.801354401805869 0.7807989279606311 0.4238403279585819 0.1986455981941309 0.4592812310741617 0.801354401805869 0.5407187689258383 0.8067868504772006 
0.7955087115833225 0.8058690744920993 0.7846419736740101 0.4370348091101474 0.19413092550790068 0.4576983427847822 0.8058690744920993 0.5423016572152177 0.8059650053022269 
0.7858232165074228 0.7990970654627539 0.7788847550235926 0.4174208544125917 0.20090293453724606 0.4600726752188514 0.7990970654627539 0.5399273247811485 0.80601802757158 
0.7962333036837148 0.8058690744920993 0.7834700693386669 0.43579282201673797 0.19413092550790068 0.4633452144708905 0.8058690744920993 0.5366547855291096 0.8057926829268294 
0.7949177317123141 0.8058690744920993 0.7857807705069805 0.43839208067389246 0.19413092550790068 0.4520514710986741 0.8058690744920993 0.547948528901326 0.8060975609756098 
0.8024271742144029 0.8103837471783296 0.7885056491214886 0.4507352539171571 0.18961625282167044 0.4561154544954027 0.8103837471783296 0.5438845455045973 0.8061770943796396 
0.8015776838635339 0.8103837471783296 0.789650299867638 0.45177678888900946 0.18961625282167044 0.45046858280929464 0.8103837471783296 0.5495314171907054 0.8060047720042418 
