precision recall f1 MCC TP FP FN FP AUC 
0.7497013793523468 0.7720090293453724 0.7450000929784912 0.3223674019803115 0.22799097065462753 0.520391850130102 0.7720090293453724 0.47960814986989797 0.767245493107105 
0.7578108582623255 0.7765237020316027 0.7588570416880069 0.3559928896461502 0.2234762979683973 0.4736339883518572 0.7765237020316027 0.5263660116481428 0.7724946977730647 
0.7592027569454206 0.7787810383747178 0.7558897152288849 0.35108156438202925 0.22121896162528218 0.4954300309516001 0.7787810383747178 0.5045699690483999 0.7789501590668081 
0.7461495480256928 0.7674943566591422 0.7479138855361768 0.3253067506165901 0.2325056433408578 0.4937403799889407 0.7674943566591422 0.5062596200110593 0.7840933191940616 
0.7528762099688979 0.7742663656884876 0.7482210108589151 0.3311957987138042 0.22573363431151242 0.5139535342993041 0.7742663656884876 0.4860464657006958 0.7881362672322375 
0.7535438890270801 0.7742663656884876 0.7521947578380986 0.3392590734477734 0.22573363431151242 0.4970129192409796 0.7742663656884876 0.5029870807590203 0.7894750795334039 
0.7495968000653286 0.7720090293453724 0.7420838741736925 0.31705344057199325 0.22799097065462753 0.5316855935023184 0.7720090293453724 0.46831440649768163 0.7934782608695652 
0.7593875873024294 0.7787810383747178 0.7571508626813368 0.35363005925169044 0.22121896162528218 0.4897831592654919 0.7787810383747178 0.510216840734508 0.7946049840933191 
0.7626943921565685 0.781038374717833 0.7522983742064174 0.3480417856736795 0.21896162528216703 0.517226073551343 0.781038374717833 0.48277392644865696 0.7976139978791094 
0.7561339690405426 0.7765237020316027 0.7527480121953561 0.3425029539035034 0.2234762979683973 0.501868346782398 0.7765237020316027 0.49813165321760194 0.8021208907741252 
0.7496059012210644 0.7720090293453724 0.7435630667646079 0.3196864026288505 0.22799097065462753 0.5260387218162103 0.7720090293453724 0.4739612781837898 0.8029029692470839 
0.7560065195374935 0.7765237020316027 0.7514181674698466 0.3399331242229593 0.2234762979683973 0.5075152184685062 0.7765237020316027 0.4924847815314938 0.8014846235418877 
0.7595693501536976 0.7787810383747178 0.7490113489939905 0.3391778135244606 0.22121896162528218 0.523664389382141 0.7787810383747178 0.47633561061785906 0.8049178154825026 
0.7560065195374935 0.7765237020316027 0.7514181674698466 0.3399331242229593 0.2234762979683973 0.5075152184685062 0.7765237020316027 0.4924847815314938 0.8045068928950159 
0.7692431882021886 0.7855530474040632 0.7574056242227799 0.3635359582245227 0.2144469525959368 0.5099963135758554 0.7855530474040632 0.4900036864241446 0.8077014846235419 
0.7741631588116524 0.7900677200902935 0.7677329811532134 0.386439867584754 0.20993227990970656 0.4801790668559351 0.7900677200902935 0.519820933144065 0.810949098621421 
0.7624036740094965 0.781038374717833 0.7537189849125443 0.3502147657167101 0.21896162528216703 0.5115792018652349 0.781038374717833 0.48842079813476513 0.8119167550371156 
0.768337723799207 0.7855530474040632 0.7663547660327495 0.37871273386843307 0.2144469525959368 0.4704682117730982 0.7855530474040632 0.5295317882269018 0.810949098621421 
0.7714578215609623 0.7878103837471784 0.7633277502073801 0.37602309441506154 0.21218961625282168 0.49226425437284105 0.7878103837471784 0.507735745627159 0.8103658536585366 
0.7624031337139823 0.781038374717833 0.7602398371392425 0.36206383700908307 0.21896162528216703 0.4833448434346941 0.781038374717833 0.516655156565306 0.8088414634146341 
0.7592027569454206 0.7787810383747178 0.7558897152288849 0.35108156438202925 0.22121896162528218 0.4954300309516001 0.7787810383747178 0.5045699690483999 0.8107370095440085 
0.7656137558377766 0.7832957110609481 0.7644747271951815 0.37289793340166655 0.21670428893905191 0.471259655917788 0.7832957110609481 0.5287403440822122 0.8086028632025452 
0.7710749838531277 0.7878103837471784 0.7670630723678128 0.3823720308595243 0.21218961625282168 0.4753236393145166 0.7878103837471784 0.5246763606854834 0.8066145281018027 
0.768337723799207 0.7855530474040632 0.7663547660327495 0.37871273386843307 0.2144469525959368 0.4704682117730982 0.7855530474040632 0.5295317882269018 0.8088812301166491 
0.768153428887949 0.7855530474040632 0.7627379915005944 0.37179422969100373 0.2144469525959368 0.48740882683142267 0.7855530474040632 0.5125911731685773 0.8085365853658538 
0.7740312084746509 0.7900677200902935 0.7712736130636388 0.39282882483214493 0.20993227990970656 0.4632384517976105 0.7900677200902935 0.5367615482023895 0.8070784729586427 
0.7710749838531277 0.7878103837471784 0.7670630723678128 0.3823720308595243 0.21218961625282168 0.4753236393145166 0.7878103837471784 0.5246763606854834 0.8078472958642631 
0.7741554087171447 0.7900677200902935 0.7723882655812084 0.39508734839072795 0.20993227990970656 0.45759158011150236 0.7900677200902935 0.5424084198884976 0.8113335100742313 
0.7799260364450681 0.7945823927765236 0.7739158731140106 0.40296062306251523 0.2054176072234763 0.4673024351943392 0.7945823927765236 0.5326975648056609 0.8124337221633086 
0.7853577529937256 0.7990970654627539 0.7821780175992209 0.4229995875003831 0.20090293453724606 0.44313206016052703 0.7990970654627539 0.5568679398394729 0.812592788971368 
0.776869746462098 0.7923250564334086 0.7731698533052935 0.3988218214536375 0.2076749435665914 0.46244700765292074 0.7923250564334086 0.5375529923470793 0.8143822905620361 
0.7853577529937256 0.7990970654627539 0.7821780175992209 0.4229995875003831 0.20090293453724606 0.44313206016052703 0.7990970654627539 0.5568679398394729 0.8156813361611878 
0.7799260364450681 0.7945823927765236 0.7739158731140106 0.40296062306251523 0.2054176072234763 0.4673024351943392 0.7945823927765236 0.5326975648056609 0.8138520678685048 
0.7883535930276071 0.801354401805869 0.7830320335963676 0.4272198069722361 0.1986455981941309 0.44798748770194546 0.801354401805869 0.5520125122980546 0.8138123011664901 
0.7944497769545242 0.8058690744920993 0.7868874917407648 0.43985597407519217 0.19413092550790068 0.4464045994125659 0.8058690744920993 0.5535954005874341 0.8127783669141039 
0.7825535215711854 0.7968397291196389 0.7791950567454827 0.415003400987972 0.20316027088036118 0.44957037599132493 0.7968397291196389 0.5504296240086751 0.814435312831389 
0.7769186821284767 0.7923250564334086 0.7720191772110507 0.39674301666344125 0.2076749435665914 0.468093879339029 0.7923250564334086 0.5319061206609711 0.8143425238600212 
0.7797790466073562 0.7945823927765236 0.7750703626770213 0.40491563497729677 0.2054176072234763 0.461655563508231 0.7945823927765236 0.538344436491769 0.8136399787910923 
0.7799260364450681 0.7945823927765236 0.7739158731140106 0.40296062306251523 0.2054176072234763 0.4673024351943392 0.7945823927765236 0.5326975648056609 0.813533934252386 
0.7797790466073562 0.7945823927765236 0.7750703626770213 0.40491563497729677 0.2054176072234763 0.461655563508231 0.7945823927765236 0.538344436491769 0.8132555673382822 
0.7801728887353556 0.7945823927765236 0.7727279708058326 0.40108550547850413 0.2054176072234763 0.47294930688044734 0.7945823927765236 0.5270506931195527 0.8157741251325556 
0.7770602443288673 0.7923250564334086 0.7708352428679328 0.39473682252796083 0.2076749435665914 0.47374075102513713 0.7923250564334086 0.526259248974863 0.8169273594909862 
0.7776516920916505 0.7923250564334086 0.7683633299902018 0.3909655263154807 0.2076749435665914 0.4850344943973534 0.7923250564334086 0.5149655056026465 0.817576882290562 
0.7741631588116524 0.7900677200902935 0.7677329811532134 0.386439867584754 0.20993227990970656 0.4801790668559351 0.7900677200902935 0.519820933144065 0.818703605514316 
0.7743974750552962 0.7900677200902935 0.7664837330777347 0.3844557537777354 0.20993227990970656 0.48582593854204315 0.7900677200902935 0.5141740614579567 0.8196580063626723 
0.7799260364450681 0.7945823927765236 0.7739158731140106 0.40296062306251523 0.2054176072234763 0.4673024351943392 0.7945823927765236 0.5326975648056609 0.8184252386002122 
0.7833707670228995 0.7968397291196389 0.7746253212867547 0.4075508495524233 0.20316027088036118 0.4721578627357576 0.7968397291196389 0.5278421372642425 0.8191675503711557 
0.7855710175718144 0.7990970654627539 0.7800138711896143 0.41919956763336796 0.20090293453724606 0.45442580353274337 0.7990970654627539 0.5455741964672566 0.8197507953340403 
0.7801728887353556 0.7945823927765236 0.7727279708058326 0.40108550547850413 0.2054176072234763 0.47294930688044734 0.7945823927765236 0.5270506931195527 0.8204003181336162 
0.7855710175718144 0.7990970654627539 0.7800138711896143 0.41919956763336796 0.20090293453724606 0.45442580353274337 0.7990970654627539 0.5455741964672566 0.8194591728525982 
0.782762380403826 0.7968397291196389 0.776975282054289 0.4111140024673583 0.20316027088036118 0.46086411936354127 0.7968397291196389 0.5391358806364588 0.8189289501590669 
0.7855710175718144 0.7990970654627539 0.7800138711896143 0.41919956763336796 0.20090293453724606 0.45442580353274337 0.7990970654627539 0.5455741964672566 0.81898197242842 
0.7907755289436431 0.801354401805869 0.7772003490227393 0.4195219433629523 0.1986455981941309 0.4762218461324863 0.801354401805869 0.5237781538675138 0.8200026511134677 
0.7976175766321325 0.8081264108352144 0.788822518842757 0.4463413171127446 0.19187358916478556 0.44561315526787615 0.8081264108352144 0.5543868447321239 0.8216861081654295 
0.7900394331530267 0.801354401805869 0.7784344895558452 0.4208503901163189 0.1986455981941309 0.4705749744463781 0.801354401805869 0.5294250255536219 0.821288441145281 
0.7861826186590588 0.7990970654627539 0.7777229604584516 0.4157311433722543 0.20090293453724606 0.4657195469049597 0.7990970654627539 0.5342804530950404 0.8210365853658538 
0.7866581120671646 0.7990970654627539 0.7765274434829934 0.41413750681425276 0.20090293453724606 0.47136641859106787 0.7990970654627539 0.5286335814089321 0.8209703075291621 
0.7917203965697777 0.8036117381489842 0.783853636933175 0.4318810857626682 0.1963882618510158 0.45284291524336384 0.8036117381489842 0.547157084756636 0.822415164369035 
0.7927884305730989 0.8036117381489842 0.7815492986856226 0.4289783833325115 0.1963882618510158 0.46413665861558023 0.8036117381489842 0.5358633413844198 0.8236876988335101 
0.7927884305730989 0.8036117381489842 0.7815492986856226 0.4289783833325115 0.1963882618510158 0.46413665861558023 0.8036117381489842 0.5358633413844198 0.8245095440084835 
0.7872598019280678 0.7990970654627539 0.775297111634512 0.4126479366409023 0.20090293453724606 0.47701329027717604 0.7990970654627539 0.5229867097228239 0.8235816542948037 
0.789439739303111 0.801354401805869 0.7796336474803824 0.4222928293312853 0.1986455981941309 0.46492810276026997 0.801354401805869 0.5350718972397301 0.824483032873807 
0.7816003331921445 0.7945823927765236 0.7689528621344488 0.39600731034849956 0.2054176072234763 0.48988992193877184 0.7945823927765236 0.5101100780612281 0.8255302226935313 
0.7900394331530267 0.801354401805869 0.7784344895558452 0.4208503901163189 0.1986455981941309 0.4705749744463781 0.801354401805869 0.5294250255536219 0.8250662778366914 
0.7844474946117255 0.7968397291196389 0.7721367205914379 0.4043679788399755 0.20316027088036118 0.48345160610797394 0.7968397291196389 0.516548393892026 0.8239925768822906 
0.7889652359178317 0.801354401805869 0.7807989279606311 0.4238403279585819 0.1986455981941309 0.4592812310741617 0.801354401805869 0.5407187689258383 0.8229984093319193 
0.792192348582762 0.8036117381489842 0.7827179501110706 0.43037678126600454 0.1963882618510158 0.45848978692947195 0.8036117381489842 0.541510213070528 0.8223621420996818 
0.7858232165074228 0.7990970654627539 0.7788847550235926 0.4174208544125917 0.20090293453724606 0.4600726752188514 0.7990970654627539 0.5399273247811485 0.8232104984093319 
0.789439739303111 0.801354401805869 0.7796336474803824 0.4222928293312853 0.1986455981941309 0.46492810276026997 0.801354401805869 0.5350718972397301 0.823541887592789 
0.782762380403826 0.7968397291196389 0.776975282054289 0.4111140024673583 0.20316027088036118 0.46086411936354127 0.7968397291196389 0.5391358806364588 0.8229984093319193 
0.7889652359178317 0.801354401805869 0.7807989279606311 0.4238403279585819 0.1986455981941309 0.4592812310741617 0.801354401805869 0.5407187689258383 0.8230116648992577 
0.7883535930276071 0.801354401805869 0.7830320335963676 0.4272198069722361 0.1986455981941309 0.44798748770194546 0.801354401805869 0.5520125122980546 0.8219247083775184 
0.7833707670228995 0.7968397291196389 0.7746253212867547 0.4075508495524233 0.20316027088036118 0.4721578627357576 0.7968397291196389 0.5278421372642425 0.82114262990456 
0.788606078679175 0.801354401805869 0.7819313868975268 0.42548498827127523 0.1986455981941309 0.4536343593880536 0.801354401805869 0.5463656406119465 0.8213282078472959 
0.7805277935612305 0.7945823927765236 0.7715055882803641 0.3992966302959941 0.2054176072234763 0.4785961785665555 0.7945823927765236 0.5214038214334444 0.8209437963944857 
0.7769186821284767 0.7923250564334086 0.7720191772110507 0.39674301666344125 0.2076749435665914 0.468093879339029 0.7923250564334086 0.5319061206609711 0.8211028632025452 
0.7776516920916505 0.7923250564334086 0.7683633299902018 0.3909655263154807 0.2076749435665914 0.4850344943973534 0.7923250564334086 0.5149655056026465 0.8205328738069989 
0.7712328224624767 0.7878103837471784 0.7646086688994995 0.3780668899946992 0.21218961625282168 0.48661738268673294 0.7878103837471784 0.5133826173132671 0.819591728525981 
0.7714578215609623 0.7878103837471784 0.7633277502073801 0.37602309441506154 0.21218961625282168 0.49226425437284105 0.7878103837471784 0.507735745627159 0.8189156945917285 
0.7799260364450681 0.7945823927765236 0.7739158731140106 0.40296062306251523 0.2054176072234763 0.4673024351943392 0.7945823927765236 0.5326975648056609 0.8185710498409332 
0.7799260364450681 0.7945823927765236 0.7739158731140106 0.40296062306251523 0.2054176072234763 0.4673024351943392 0.7945823927765236 0.5326975648056609 0.8184782608695652 
0.7797790466073562 0.7945823927765236 0.7750703626770213 0.40491563497729677 0.2054176072234763 0.461655563508231 0.7945823927765236 0.538344436491769 0.8192735949098623 
0.7799260364450681 0.7945823927765236 0.7739158731140106 0.40296062306251523 0.2054176072234763 0.4673024351943392 0.7945823927765236 0.5326975648056609 0.8185843054082714 
0.7883535930276071 0.801354401805869 0.7830320335963676 0.4272198069722361 0.1986455981941309 0.44798748770194546 0.801354401805869 0.5520125122980546 0.8183324496288441 
0.7830127401233496 0.7968397291196389 0.7758170854142818 0.40928857524327134 0.20316027088036118 0.46651099104964944 0.7968397291196389 0.5334890089503506 0.8176431601272536 
0.7855710175718144 0.7990970654627539 0.7800138711896143 0.41919956763336796 0.20090293453724606 0.45442580353274337 0.7990970654627539 0.5455741964672566 0.818703605514316 
0.7830127401233496 0.7968397291196389 0.7758170854142818 0.40928857524327134 0.20316027088036118 0.46651099104964944 0.7968397291196389 0.5334890089503506 0.8190217391304347 
0.7913629885362723 0.8036117381489842 0.7849573797022071 0.4334835002894392 0.1963882618510158 0.4471960435572556 0.8036117381489842 0.5528039564427444 0.8189024390243902 
0.7917203965697777 0.8036117381489842 0.783853636933175 0.4318810857626682 0.1963882618510158 0.45284291524336384 0.8036117381489842 0.547157084756636 0.8192073170731706 
0.7944497769545242 0.8058690744920993 0.7868874917407648 0.43985597407519217 0.19413092550790068 0.4464045994125659 0.8058690744920993 0.5535954005874341 0.8196049840933192 
0.7889652359178317 0.801354401805869 0.7807989279606311 0.4238403279585819 0.1986455981941309 0.4592812310741617 0.801354401805869 0.5407187689258383 0.8187433722163309 
0.7913629885362723 0.8036117381489842 0.7849573797022071 0.4334835002894392 0.1963882618510158 0.4471960435572556 0.8036117381489842 0.5528039564427444 0.8195254506892895 
0.792192348582762 0.8036117381489842 0.7827179501110706 0.43037678126600454 0.1963882618510158 0.45848978692947195 0.8036117381489842 0.541510213070528 0.8190482502651113 
0.7940955163103617 0.8058690744920993 0.7879631237419047 0.4414187997315354 0.19413092550790068 0.44075772772645777 0.8058690744920993 0.5592422722735422 0.8182661717921526 
0.7861826186590588 0.7990970654627539 0.7777229604584516 0.4157311433722543 0.20090293453724606 0.4657195469049597 0.7990970654627539 0.5342804530950404 0.8181733828207847 
0.7889652359178317 0.801354401805869 0.7807989279606311 0.4238403279585819 0.1986455981941309 0.4592812310741617 0.801354401805869 0.5407187689258383 0.8189554612937434 
0.789439739303111 0.801354401805869 0.7796336474803824 0.4222928293312853 0.1986455981941309 0.46492810276026997 0.801354401805869 0.5350718972397301 0.8188626723223754 
0.7917203965697777 0.8036117381489842 0.783853636933175 0.4318810857626682 0.1963882618510158 0.45284291524336384 0.8036117381489842 0.547157084756636 0.8193796394485685 
0.792192348582762 0.8036117381489842 0.7827179501110706 0.43037678126600454 0.1963882618510158 0.45848978692947195 0.8036117381489842 0.541510213070528 0.8191675503711557 
0.782762380403826 0.7968397291196389 0.776975282054289 0.4111140024673583 0.20316027088036118 0.46086411936354127 0.7968397291196389 0.5391358806364588 0.8192205726405088 
0.7955087115833225 0.8058690744920993 0.7846419736740101 0.4370348091101474 0.19413092550790068 0.4576983427847822 0.8058690744920993 0.5423016572152177 0.8193663838812302 
0.788606078679175 0.801354401805869 0.7819313868975268 0.42548498827127523 0.1986455981941309 0.4536343593880536 0.801354401805869 0.5463656406119465 0.8189554612937434 
0.7927884305730989 0.8036117381489842 0.7815492986856226 0.4289783833325115 0.1963882618510158 0.46413665861558023 0.8036117381489842 0.5358633413844198 0.8185047720042418 
0.7861826186590588 0.7990970654627539 0.7777229604584516 0.4157311433722543 0.20090293453724606 0.4657195469049597 0.7990970654627539 0.5342804530950404 0.8186373276776246 
0.7927884305730989 0.8036117381489842 0.7815492986856226 0.4289783833325115 0.1963882618510158 0.46413665861558023 0.8036117381489842 0.5358633413844198 0.8178950159066808 
0.7889652359178317 0.801354401805869 0.7807989279606311 0.4238403279585819 0.1986455981941309 0.4592812310741617 0.801354401805869 0.5407187689258383 0.8178817603393426 
0.7955087115833225 0.8058690744920993 0.7846419736740101 0.4370348091101474 0.19413092550790068 0.4576983427847822 0.8058690744920993 0.5423016572152177 0.8173515376458113 
0.7971549595007303 0.8081264108352144 0.7899008882148001 0.44776743294551047 0.19187358916478556 0.43996628358176804 0.8081264108352144 0.560033716418232 0.8175901378579005 
0.8068227233012786 0.8148984198645598 0.7957444555996792 0.46749558610451347 0.18510158013544017 0.4375919511476988 0.8148984198645598 0.5624080488523012 0.8169406150583245 
0.8035147566944874 0.8126410835214447 0.7937914007523392 0.4608015484628212 0.1873589164785553 0.43838339529238857 0.8126410835214447 0.5616166047076114 0.8163971367974548 
