precision recall f1 MCC TP FP FN FP AUC 
0.7293460316108215 0.7539503386004515 0.7332292575091581 0.2834383919521074 0.24604966139954854 0.5154296599154037 0.7539503386004515 0.48457034008459626 0.7321845174973489 
0.7402582567638498 0.7584650112866818 0.7451014638944986 0.3177905973570742 0.24153498871331827 0.47431866982326704 0.7584650112866818 0.5256813301767329 0.7362804878048781 
0.747700190751731 0.7697516930022573 0.7472386529948608 0.32488808764385646 0.23024830699774265 0.5042426792164674 0.7697516930022573 0.4957573207835327 0.7379772004241781 
0.7381883002769187 0.7562076749435666 0.7432539865349559 0.312962241190408 0.24379232505643342 0.4751101139679568 0.7562076749435666 0.5248898860320432 0.7357370095440084 
0.7512572697728743 0.7720090293453724 0.7515982249400809 0.3363644609772974 0.22799097065462753 0.4921574916995612 0.7720090293453724 0.5078425083004389 0.7330196182396607 
0.7299526285737042 0.7494356659142212 0.7355725466569096 0.29152054051266596 0.2505643340857788 0.4887781897742424 0.7494356659142212 0.5112218102257575 0.7380434782608696 
0.7481601300483255 0.7697516930022573 0.7485144025776079 0.32782685765714087 0.23024830699774265 0.49859580753035915 0.7697516930022573 0.5014041924696409 0.7367576882290561 
0.736202356861765 0.7562076749435666 0.7410688998339547 0.30601107023949975 0.24379232505643342 0.48640385734017316 0.7562076749435666 0.5135961426598269 0.7405355249204665 
0.7512572697728743 0.7720090293453724 0.7515982249400809 0.3363644609772974 0.22799097065462753 0.4921574916995612 0.7720090293453724 0.5078425083004389 0.7446049840933192 
0.736202356861765 0.7562076749435666 0.7410688998339547 0.30601107023949975 0.24379232505643342 0.48640385734017316 0.7562076749435666 0.5135961426598269 0.7485021208907742 
0.748673990104368 0.7697516930022573 0.7497543976448803 0.3307924658153611 0.23024830699774265 0.4929489358442509 0.7697516930022573 0.507051064155749 0.7496155885471897 
0.7330660829094492 0.7516930022573364 0.7384994307300476 0.2998864821743417 0.24830699774266365 0.4823398739434446 0.7516930022573364 0.5176601260565555 0.7509411452810181 
0.7522963143730638 0.7720090293453724 0.7539854667726134 0.3421894016712492 0.22799097065462753 0.4808637483273449 0.7720090293453724 0.5191362516726551 0.7486479321314952 
0.7451148316337229 0.7652370203160271 0.7484324956685596 0.3262476649051962 0.23476297968397292 0.4832380807614141 0.7652370203160271 0.5167619192385858 0.7545466595970307 
0.7517507201639829 0.7720090293453724 0.7528087615451832 0.33926287017141765 0.22799097065462753 0.4865106200134531 0.7720090293453724 0.513489379986547 0.7541622481442206 
0.736202356861765 0.7562076749435666 0.7410688998339547 0.30601107023949975 0.24379232505643342 0.48640385734017316 0.7562076749435666 0.5135961426598269 0.7541092258748675 
0.7397205170583404 0.7607223476297968 0.7435946590468014 0.31266040199713924 0.23927765237020315 0.4904678407369018 0.7607223476297968 0.5095321592630981 0.7524787910922588 
0.7414525384294538 0.7607223476297968 0.7458639202073999 0.31933158749567525 0.23927765237020315 0.4791740973646855 0.7607223476297968 0.5208259026353145 0.7513520678685048 
0.7420248659858292 0.7629796839729119 0.7454314850508114 0.3178270590989218 0.23702031602708803 0.48967639659221207 0.7629796839729119 0.510323603407788 0.749204665959703 
0.7414525384294538 0.7607223476297968 0.7458639202073999 0.31933158749567525 0.23927765237020315 0.4791740973646855 0.7607223476297968 0.5208259026353145 0.7519618239660657 
0.7498511466614322 0.7697516930022573 0.7521313597686127 0.3367978294827222 0.23024830699774265 0.48165519247203464 0.7697516930022573 0.5183448075279654 0.7563494167550371 
0.736202356861765 0.7562076749435666 0.7410688998339547 0.30601107023949975 0.24379232505643342 0.48640385734017316 0.7562076749435666 0.5135961426598269 0.7540296924708376 
0.7389047011482971 0.7607223476297968 0.7424110209360094 0.309338284353276 0.23927765237020315 0.49611471242301 0.7607223476297968 0.50388528757699 0.7536055143160127 
0.7405702278405654 0.7607223476297968 0.7447453135149757 0.3159915542568389 0.23927765237020315 0.4848209690507937 0.7607223476297968 0.5151790309492064 0.7558457051961823 
0.7436814222305425 0.7652370203160271 0.7460765655789718 0.31990434741141477 0.23476297968397292 0.49453182413363045 0.7652370203160271 0.5054681758663695 0.75817868504772 
0.7383650790689575 0.7584650112866818 0.7429058164962881 0.3109679491710685 0.24153498871331827 0.48561241319548343 0.7584650112866818 0.5143875868045166 0.7586161187698832 
0.7461495480256928 0.7674943566591422 0.7479138855361768 0.3253067506165901 0.2325056433408578 0.4937403799889407 0.7674943566591422 0.5062596200110593 0.7594777306468719 
0.7467817704838021 0.7674943566591422 0.7491138918572195 0.3283859136963482 0.2325056433408578 0.4880935083028326 0.7674943566591422 0.5119064916971675 0.760246553552492 
0.7539020533310801 0.7742663656884876 0.7534454927231451 0.34202585041644024 0.22573363431151242 0.49136604755487145 0.7742663656884876 0.5086339524451285 0.7617841993637328 
0.7467817704838021 0.7674943566591422 0.7491138918572195 0.3283859136963482 0.2325056433408578 0.4880935083028326 0.7674943566591422 0.5119064916971675 0.762592788971368 
0.7566111627495243 0.7765237020316027 0.7552963286266496 0.3477799043530118 0.2234762979683973 0.4905746034101817 0.7765237020316027 0.5094253965898183 0.7646208907741251 
0.7397205170583404 0.7607223476297968 0.7435946590468014 0.31266040199713924 0.23927765237020315 0.4904678407369018 0.7607223476297968 0.5095321592630981 0.7650185577942736 
0.7593875873024294 0.7787810383747178 0.7571508626813368 0.35363005925169044 0.22121896162528218 0.4897831592654919 0.7787810383747178 0.510216840734508 0.7644353128313892 
0.7522963143730638 0.7720090293453724 0.7539854667726134 0.3421894016712492 0.22799097065462753 0.4808637483273449 0.7720090293453724 0.5191362516726551 0.766118769883351 
0.7566111627495243 0.7765237020316027 0.7552963286266496 0.3477799043530118 0.2234762979683973 0.4905746034101817 0.7765237020316027 0.5094253965898183 0.765084835630965 
0.7578108582623255 0.7765237020316027 0.7588570416880069 0.3559928896461502 0.2234762979683973 0.4736339883518572 0.7765237020316027 0.5263660116481428 0.7651643690349947 
0.7681951046784402 0.7855530474040632 0.7651833456518355 0.3763477696651543 0.2144469525959368 0.47611508345920633 0.7855530474040632 0.5238849165407936 0.7644618239660658 
0.7547957741593908 0.7742663656884876 0.755842851518242 0.3476621822764146 0.22573363431151242 0.4800723041826551 0.7742663656884876 0.5199276958173449 0.7657343584305407 
0.7624031337139823 0.781038374717833 0.7602398371392425 0.36206383700908307 0.21896162528216703 0.4833448434346941 0.781038374717833 0.516655156565306 0.7659066808059384 
0.7547957741593908 0.7742663656884876 0.755842851518242 0.3476621822764146 0.22573363431151242 0.4800723041826551 0.7742663656884876 0.5199276958173449 0.7652571580063626 
0.7652312855777784 0.7832957110609481 0.7621069675245746 0.3680010450556074 0.21670428893905191 0.4825533992900043 0.7832957110609481 0.5174466007099957 0.7663573700954401 
0.7626442391237627 0.781038374717833 0.76143591900186 0.3645966429047212 0.21896162528216703 0.4776979717485859 0.781038374717833 0.5223020282514141 0.765455991516437 
0.7624031337139823 0.781038374717833 0.7602398371392425 0.36206383700908307 0.21896162528216703 0.4833448434346941 0.781038374717833 0.516655156565306 0.7648329798515376 
0.7599671672599738 0.7787810383747178 0.7595679506784145 0.35886277753956486 0.22121896162528218 0.47848941589327565 0.7787810383747178 0.5215105841067244 0.7668743372216331 
0.7566111627495243 0.7765237020316027 0.7552963286266496 0.3477799043530118 0.2234762979683973 0.4905746034101817 0.7765237020316027 0.5094253965898183 0.7662380699893956 
0.754320578682171 0.7742663656884876 0.7546611741616475 0.344827621677463 0.22573363431151242 0.4857191758687633 0.7742663656884876 0.5142808241312368 0.7684517497348886 
0.7593875873024294 0.7787810383747178 0.7571508626813368 0.35363005925169044 0.22121896162528218 0.4897831592654919 0.7787810383747178 0.510216840734508 0.7704135737009543 
0.7599671672599738 0.7787810383747178 0.7595679506784145 0.35886277753956486 0.22121896162528218 0.47848941589327565 0.7787810383747178 0.5215105841067244 0.7705461293743372 
0.765385899896589 0.7832957110609481 0.7633076730142193 0.37042383593503875 0.21670428893905191 0.4769065276038961 0.7832957110609481 0.5230934723961038 0.7707317073170732 
0.7599671672599738 0.7787810383747178 0.7595679506784145 0.35886277753956486 0.22121896162528218 0.47848941589327565 0.7787810383747178 0.5215105841067244 0.7718716861081655 
0.7681951046784402 0.7855530474040632 0.7651833456518355 0.3763477696651543 0.2144469525959368 0.47611508345920633 0.7855530474040632 0.5238849165407936 0.7725609756097561 
0.7626442391237627 0.781038374717833 0.76143591900186 0.3645966429047212 0.21896162528216703 0.4776979717485859 0.781038374717833 0.5223020282514141 0.7726670201484623 
0.7593875873024294 0.7787810383747178 0.7571508626813368 0.35363005925169044 0.22121896162528218 0.4897831592654919 0.7787810383747178 0.510216840734508 0.7746553552492047 
0.7517507201639829 0.7720090293453724 0.7528087615451832 0.33926287017141765 0.22799097065462753 0.4865106200134531 0.7720090293453724 0.513489379986547 0.7747083775185578 
0.7481601300483255 0.7697516930022573 0.7485144025776079 0.32782685765714087 0.23024830699774265 0.49859580753035915 0.7697516930022573 0.5014041924696409 0.7737142099681865 
0.7522963143730638 0.7720090293453724 0.7539854667726134 0.3421894016712492 0.22799097065462753 0.4808637483273449 0.7720090293453724 0.5191362516726551 0.7741781548250265 
0.7596439766138346 0.7787810383747178 0.7583765828686821 0.3562248431757395 0.22121896162528218 0.4841362875793838 0.7787810383747178 0.5158637124206162 0.7745095440084836 
0.7599671672599738 0.7787810383747178 0.7595679506784145 0.35886277753956486 0.22121896162528218 0.47848941589327565 0.7787810383747178 0.5215105841067244 0.7739130434782608 
0.7652312855777784 0.7832957110609481 0.7621069675245746 0.3680010450556074 0.21670428893905191 0.4825533992900043 0.7832957110609481 0.5174466007099957 0.7756362672322376 
0.765385899896589 0.7832957110609481 0.7633076730142193 0.37042383593503875 0.21670428893905191 0.4769065276038961 0.7832957110609481 0.5230934723961038 0.7754904559915164 
0.7622344962580037 0.781038374717833 0.759009227385264 0.35957992901228575 0.21896162528216703 0.48899171512080214 0.781038374717833 0.5110082848791978 0.7750795334040297 
0.7569507544483186 0.7765237020316027 0.7565170719709704 0.35048055194100924 0.2234762979683973 0.48492773172407355 0.7765237020316027 0.5150722682759264 0.7742046659597032 
0.7593875873024294 0.7787810383747178 0.7571508626813368 0.35363005925169044 0.22121896162528218 0.4897831592654919 0.7787810383747178 0.510216840734508 0.7733032873806999 
0.7539020533310801 0.7742663656884876 0.7534454927231451 0.34202585041644024 0.22573363431151242 0.49136604755487145 0.7742663656884876 0.5086339524451285 0.7740588547189818 
0.7566111627495243 0.7765237020316027 0.7552963286266496 0.3477799043530118 0.2234762979683973 0.4905746034101817 0.7765237020316027 0.5094253965898183 0.7745227995758218 
0.7517507201639829 0.7720090293453724 0.7528087615451832 0.33926287017141765 0.22799097065462753 0.4865106200134531 0.7720090293453724 0.513489379986547 0.7744697773064687 
0.7566111627495243 0.7765237020316027 0.7552963286266496 0.3477799043530118 0.2234762979683973 0.4905746034101817 0.7765237020316027 0.5094253965898183 0.7739793213149524 
0.7539020533310801 0.7742663656884876 0.7534454927231451 0.34202585041644024 0.22573363431151242 0.49136604755487145 0.7742663656884876 0.5086339524451285 0.7738865323435842 
0.7563373161956489 0.7765237020316027 0.7540403454756819 0.3451196976622093 0.2234762979683973 0.49622147509628983 0.7765237020316027 0.5037785249037101 0.7739925768822905 
0.7573518923022734 0.7765237020316027 0.7577036375541896 0.3532189897262452 0.2234762979683973 0.4792808600379654 0.7765237020316027 0.5207191399620347 0.7744034994697773 
0.7535438890270801 0.7742663656884876 0.7521947578380986 0.3392590734477734 0.22573363431151242 0.4970129192409796 0.7742663656884876 0.5029870807590203 0.7735816542948039 
0.748673990104368 0.7697516930022573 0.7497543976448803 0.3307924658153611 0.23024830699774265 0.4929489358442509 0.7697516930022573 0.507051064155749 0.7743239660657476 
0.7508191917850661 0.7720090293453724 0.7503528201140566 0.33349597169694056 0.22799097065462753 0.49780436338566936 0.7720090293453724 0.5021956366143306 0.7738202545068928 
0.7512572697728743 0.7720090293453724 0.7515982249400809 0.3363644609772974 0.22799097065462753 0.4921574916995612 0.7720090293453724 0.5078425083004389 0.7748011664899258 
0.7566111627495243 0.7765237020316027 0.7552963286266496 0.3477799043530118 0.2234762979683973 0.4905746034101817 0.7765237020316027 0.5094253965898183 0.7755434782608696 
0.7539020533310801 0.7742663656884876 0.7534454927231451 0.34202585041644024 0.22573363431151242 0.49136604755487145 0.7742663656884876 0.5086339524451285 0.7745890774125133 
0.7539020533310801 0.7742663656884876 0.7534454927231451 0.34202585041644024 0.22573363431151242 0.49136604755487145 0.7742663656884876 0.5086339524451285 0.7741383881230116 
0.7569507544483186 0.7765237020316027 0.7565170719709704 0.35048055194100924 0.2234762979683973 0.48492773172407355 0.7765237020316027 0.5150722682759264 0.7737937433722163 
0.7569507544483186 0.7765237020316027 0.7565170719709704 0.35048055194100924 0.2234762979683973 0.48492773172407355 0.7765237020316027 0.5150722682759264 0.7735949098621421 
0.7517507201639829 0.7720090293453724 0.7528087615451832 0.33926287017141765 0.22799097065462753 0.4865106200134531 0.7720090293453724 0.513489379986547 0.7728923647932131 
0.748673990104368 0.7697516930022573 0.7497543976448803 0.3307924658153611 0.23024830699774265 0.4929489358442509 0.7697516930022573 0.507051064155749 0.7724946977730647 
0.7492385981949667 0.7697516930022573 0.7509597085486069 0.3337832648439147 0.23024830699774265 0.48730206415814287 0.7697516930022573 0.5126979358418572 0.7728525980911983 
0.7566111627495243 0.7765237020316027 0.7552963286266496 0.3477799043530118 0.2234762979683973 0.4905746034101817 0.7765237020316027 0.5094253965898183 0.7732502651113468 
0.7461495480256928 0.7674943566591422 0.7479138855361768 0.3253067506165901 0.2325056433408578 0.4937403799889407 0.7674943566591422 0.5062596200110593 0.7734093319194062 
0.7593875873024294 0.7787810383747178 0.7571508626813368 0.35363005925169044 0.22121896162528218 0.4897831592654919 0.7787810383747178 0.510216840734508 0.7733032873806999 
0.7596439766138346 0.7787810383747178 0.7583765828686821 0.3562248431757395 0.22121896162528218 0.4841362875793838 0.7787810383747178 0.5158637124206162 0.7750662778366915 
0.768153428887949 0.7855530474040632 0.7627379915005944 0.37179422969100373 0.2144469525959368 0.48740882683142267 0.7855530474040632 0.5125911731685773 0.7759278897136798 
0.7624031337139823 0.781038374717833 0.7602398371392425 0.36206383700908307 0.21896162528216703 0.4833448434346941 0.781038374717833 0.516655156565306 0.7756495227995758 
0.7652312855777784 0.7832957110609481 0.7621069675245746 0.3680010450556074 0.21670428893905191 0.4825533992900043 0.7832957110609481 0.5174466007099957 0.775516967126193 
0.7596439766138346 0.7787810383747178 0.7583765828686821 0.3562248431757395 0.22121896162528218 0.4841362875793838 0.7787810383747178 0.5158637124206162 0.7759013785790032 
0.7681316763203585 0.7855530474040632 0.7639781092948462 0.3740401603623622 0.2144469525959368 0.48176195514531456 0.7855530474040632 0.5182380448546855 0.7755699893955461 
0.7681316763203585 0.7855530474040632 0.7639781092948462 0.3740401603623622 0.2144469525959368 0.48176195514531456 0.7855530474040632 0.5182380448546855 0.7751590668080593 
0.7681316763203585 0.7855530474040632 0.7639781092948462 0.3740401603623622 0.2144469525959368 0.48176195514531456 0.7855530474040632 0.5182380448546855 0.7755567338282079 
0.7624031337139823 0.781038374717833 0.7602398371392425 0.36206383700908307 0.21896162528216703 0.4833448434346941 0.781038374717833 0.516655156565306 0.7747746553552493 
0.7622344962580037 0.781038374717833 0.759009227385264 0.35957992901228575 0.21896162528216703 0.48899171512080214 0.781038374717833 0.5110082848791978 0.7737539766702015 
0.7593875873024294 0.7787810383747178 0.7571508626813368 0.35363005925169044 0.22121896162528218 0.4897831592654919 0.7787810383747178 0.510216840734508 0.7742841993637327 
0.7593875873024294 0.7787810383747178 0.7571508626813368 0.35363005925169044 0.22121896162528218 0.4897831592654919 0.7787810383747178 0.510216840734508 0.7743637327677625 
0.7593875873024294 0.7787810383747178 0.7571508626813368 0.35363005925169044 0.22121896162528218 0.4897831592654919 0.7787810383747178 0.510216840734508 0.7759676564156945 
0.7622344962580037 0.781038374717833 0.759009227385264 0.35957992901228575 0.21896162528216703 0.48899171512080214 0.781038374717833 0.5110082848791978 0.7754109225874868 
0.7622344962580037 0.781038374717833 0.759009227385264 0.35957992901228575 0.21896162528216703 0.48899171512080214 0.781038374717833 0.5110082848791978 0.7760471898197243 
0.7592027569454206 0.7787810383747178 0.7558897152288849 0.35108156438202925 0.22121896162528218 0.4954300309516001 0.7787810383747178 0.5045699690483999 0.7759941675503712 
0.7592027569454206 0.7787810383747178 0.7558897152288849 0.35108156438202925 0.22121896162528218 0.4954300309516001 0.7787810383747178 0.5045699690483999 0.7753048780487805 
0.7592027569454206 0.7787810383747178 0.7558897152288849 0.35108156438202925 0.22121896162528218 0.4954300309516001 0.7787810383747178 0.5045699690483999 0.7755037115588547 
0.7592027569454206 0.7787810383747178 0.7558897152288849 0.35108156438202925 0.22121896162528218 0.4954300309516001 0.7787810383747178 0.5045699690483999 0.7758085896076351 
0.7621436989642459 0.781038374717833 0.7577430018479755 0.35714859179725356 0.21896162528216703 0.49463858680691036 0.781038374717833 0.5053614131930897 0.7756230116648991 
0.7563373161956489 0.7765237020316027 0.7540403454756819 0.3451196976622093 0.2234762979683973 0.49622147509628983 0.7765237020316027 0.5037785249037101 0.7755302226935312 
0.7592027569454206 0.7787810383747178 0.7558897152288849 0.35108156438202925 0.22121896162528218 0.4954300309516001 0.7787810383747178 0.5045699690483999 0.7748939554612937 
0.7622344962580037 0.781038374717833 0.759009227385264 0.35957992901228575 0.21896162528216703 0.48899171512080214 0.781038374717833 0.5110082848791978 0.7745625662778367 
0.7592027569454206 0.7787810383747178 0.7558897152288849 0.35108156438202925 0.22121896162528218 0.4954300309516001 0.7787810383747178 0.5045699690483999 0.7744962884411453 
0.7622344962580037 0.781038374717833 0.759009227385264 0.35957992901228575 0.21896162528216703 0.48899171512080214 0.781038374717833 0.5110082848791978 0.7741914103923648 
