precision recall f1 MCC TP FP FN FP AUC 
0.7566111627495243 0.7765237020316027 0.7552963286266496 0.3477799043530118 0.2234762979683973 0.4905746034101817 0.7765237020316027 0.5094253965898183 0.7554745493107105 
0.7549474648089027 0.7720090293453724 0.7583732097600523 0.3541483280075697 0.22799097065462753 0.4582762615829122 0.7720090293453724 0.5417237384170878 0.7535922587486744 
0.748673990104368 0.7697516930022573 0.7497543976448803 0.3307924658153611 0.23024830699774265 0.4929489358442509 0.7697516930022573 0.507051064155749 0.748594909862142 
0.7618505448033693 0.7787810383747178 0.7640098181553548 0.3697954395401211 0.22121896162528218 0.455901929148843 0.7787810383747178 0.544098070851157 0.7568796394485685 
0.7590948779020539 0.7787810383747178 0.7545920165122442 0.3485829304369751 0.22121896162528218 0.5010769026377083 0.7787810383747178 0.4989230973622917 0.7568928950159067 
0.7505091462091055 0.7697516930022573 0.7532703322903181 0.33983492781325314 0.23024830699774265 0.47600832078592653 0.7697516930022573 0.5239916792140735 0.7566808059384942 
0.7532502611509384 0.7742663656884876 0.7509078726825356 0.33652981166671875 0.22573363431151242 0.5026597909270878 0.7742663656884876 0.4973402090729122 0.7549443266171794 
0.7498511466614322 0.7697516930022573 0.7521313597686127 0.3367978294827222 0.23024830699774265 0.48165519247203464 0.7697516930022573 0.5183448075279654 0.7567735949098623 
0.747700190751731 0.7697516930022573 0.7472386529948608 0.32488808764385646 0.23024830699774265 0.5042426792164674 0.7697516930022573 0.4957573207835327 0.7577279957582184 
0.7505091462091055 0.7697516930022573 0.7532703322903181 0.33983492781325314 0.23024830699774265 0.47600832078592653 0.7697516930022573 0.5239916792140735 0.7595572640509015 
0.7512572697728743 0.7720090293453724 0.7515982249400809 0.3363644609772974 0.22799097065462753 0.4921574916995612 0.7720090293453724 0.5078425083004389 0.7603260869565216 
0.7467817704838021 0.7674943566591422 0.7491138918572195 0.3283859136963482 0.2325056433408578 0.4880935083028326 0.7674943566591422 0.5119064916971675 0.764236479321315 
0.7596439766138346 0.7787810383747178 0.7583765828686821 0.3562248431757395 0.22121896162528218 0.4841362875793838 0.7787810383747178 0.5158637124206162 0.7647932131495228 
0.7578108582623255 0.7765237020316027 0.7588570416880069 0.3559928896461502 0.2234762979683973 0.4736339883518572 0.7765237020316027 0.5263660116481428 0.764090668080594 
0.7539020533310801 0.7742663656884876 0.7534454927231451 0.34202585041644024 0.22573363431151242 0.49136604755487145 0.7742663656884876 0.5086339524451285 0.7628976670201485 
0.7467817704838021 0.7674943566591422 0.7491138918572195 0.3283859136963482 0.2325056433408578 0.4880935083028326 0.7674943566591422 0.5119064916971675 0.7659994697773066 
0.7461495480256928 0.7674943566591422 0.7479138855361768 0.3253067506165901 0.2325056433408578 0.4937403799889407 0.7674943566591422 0.5062596200110593 0.766675503711559 
0.7505091462091055 0.7697516930022573 0.7532703322903181 0.33983492781325314 0.23024830699774265 0.47600832078592653 0.7697516930022573 0.5239916792140735 0.7711293743372216 
0.7539020533310801 0.7742663656884876 0.7534454927231451 0.34202585041644024 0.22573363431151242 0.49136604755487145 0.7742663656884876 0.5086339524451285 0.7723488865323436 
0.7498511466614322 0.7697516930022573 0.7521313597686127 0.3367978294827222 0.23024830699774265 0.48165519247203464 0.7697516930022573 0.5183448075279654 0.7735021208907741 
0.7508191917850661 0.7720090293453724 0.7503528201140566 0.33349597169694056 0.22799097065462753 0.49780436338566936 0.7720090293453724 0.5021956366143306 0.7700026511134677 
0.7547957741593908 0.7742663656884876 0.755842851518242 0.3476621822764146 0.22573363431151242 0.4800723041826551 0.7742663656884876 0.5199276958173449 0.7713812301166488 
0.7539020533310801 0.7742663656884876 0.7534454927231451 0.34202585041644024 0.22573363431151242 0.49136604755487145 0.7742663656884876 0.5086339524451285 0.7713812301166488 
0.7553243694179999 0.7742663656884876 0.7569915291849145 0.3505276020474453 0.22573363431151242 0.47442543249654706 0.7742663656884876 0.525574567503453 0.7696977730646871 
0.747700190751731 0.7697516930022573 0.7472386529948608 0.32488808764385646 0.23024830699774265 0.5042426792164674 0.7697516930022573 0.4957573207835327 0.7710365853658536 
0.7547957741593908 0.7742663656884876 0.755842851518242 0.3476621822764146 0.22573363431151242 0.4800723041826551 0.7742663656884876 0.5199276958173449 0.7708907741251325 
0.7517507201639829 0.7720090293453724 0.7528087615451832 0.33926287017141765 0.22799097065462753 0.4865106200134531 0.7720090293453724 0.513489379986547 0.7719909862142099 
0.7553243694179999 0.7742663656884876 0.7569915291849145 0.3505276020474453 0.22573363431151242 0.47442543249654706 0.7742663656884876 0.525574567503453 0.7697242841993639 
0.7566111627495243 0.7765237020316027 0.7552963286266496 0.3477799043530118 0.2234762979683973 0.4905746034101817 0.7765237020316027 0.5094253965898183 0.7698700954400849 
0.7547957741593908 0.7742663656884876 0.755842851518242 0.3476621822764146 0.22573363431151242 0.4800723041826551 0.7742663656884876 0.5199276958173449 0.7677889713679745 
0.7569507544483186 0.7765237020316027 0.7565170719709704 0.35048055194100924 0.2234762979683973 0.48492773172407355 0.7765237020316027 0.5150722682759264 0.7666357370095439 
0.7443779239048648 0.7652370203160271 0.747271190352311 0.3230680569179991 0.23476297968397292 0.48888495244752234 0.7652370203160271 0.5111150475524777 0.7649655355249205 
0.754320578682171 0.7742663656884876 0.7546611741616475 0.344827621677463 0.22573363431151242 0.4857191758687633 0.7742663656884876 0.5142808241312368 0.7656283138918346 
0.760352950123815 0.7787810383747178 0.7607259944878773 0.3615410997089145 0.22121896162528218 0.4728425442071675 0.7787810383747178 0.5271574557928326 0.7656150583244963 
0.7569507544483186 0.7765237020316027 0.7565170719709704 0.35048055194100924 0.2234762979683973 0.48492773172407355 0.7765237020316027 0.5150722682759264 0.7631495227995759 
0.7578108582623255 0.7765237020316027 0.7588570416880069 0.3559928896461502 0.2234762979683973 0.4736339883518572 0.7765237020316027 0.5263660116481428 0.7644618239660658 
0.754320578682171 0.7742663656884876 0.7546611741616475 0.344827621677463 0.22573363431151242 0.4857191758687633 0.7742663656884876 0.5142808241312368 0.765031813361612 
0.7547957741593908 0.7742663656884876 0.755842851518242 0.3476621822764146 0.22573363431151242 0.4800723041826551 0.7742663656884876 0.5199276958173449 0.761558854718982 
0.7599671672599738 0.7787810383747178 0.7595679506784145 0.35886277753956486 0.22121896162528218 0.47848941589327565 0.7787810383747178 0.5215105841067244 0.7618239660657476 
0.7578108582623255 0.7765237020316027 0.7588570416880069 0.3559928896461502 0.2234762979683973 0.4736339883518572 0.7765237020316027 0.5263660116481428 0.764103923647932 
0.7599671672599738 0.7787810383747178 0.7595679506784145 0.35886277753956486 0.22121896162528218 0.47848941589327565 0.7787810383747178 0.5215105841067244 0.7642099681866383 
0.7578108582623255 0.7765237020316027 0.7588570416880069 0.3559928896461502 0.2234762979683973 0.4736339883518572 0.7765237020316027 0.5263660116481428 0.7636532343584306 
0.7517507201639829 0.7720090293453724 0.7528087615451832 0.33926287017141765 0.22799097065462753 0.4865106200134531 0.7720090293453724 0.513489379986547 0.7615853658536585 
0.7498511466614322 0.7697516930022573 0.7521313597686127 0.3367978294827222 0.23024830699774265 0.48165519247203464 0.7697516930022573 0.5183448075279654 0.7614130434782609 
0.7461495480256928 0.7674943566591422 0.7479138855361768 0.3253067506165901 0.2325056433408578 0.4937403799889407 0.7674943566591422 0.5062596200110593 0.762685577942736 
0.7443779239048648 0.7652370203160271 0.747271190352311 0.3230680569179991 0.23476297968397292 0.48888495244752234 0.7652370203160271 0.5111150475524777 0.762924178154825 
0.754320578682171 0.7742663656884876 0.7546611741616475 0.344827621677463 0.22573363431151242 0.4857191758687633 0.7742663656884876 0.5142808241312368 0.7624337221633086 
0.7553243694179999 0.7742663656884876 0.7569915291849145 0.3505276020474453 0.22573363431151242 0.47442543249654706 0.7742663656884876 0.525574567503453 0.7631760339342523 
0.7569507544483186 0.7765237020316027 0.7565170719709704 0.35048055194100924 0.2234762979683973 0.48492773172407355 0.7765237020316027 0.5150722682759264 0.7639316012725343 
0.7467817704838021 0.7674943566591422 0.7491138918572195 0.3283859136963482 0.2325056433408578 0.4880935083028326 0.7674943566591422 0.5119064916971675 0.764090668080594 
0.7539020533310801 0.7742663656884876 0.7534454927231451 0.34202585041644024 0.22573363431151242 0.49136604755487145 0.7742663656884876 0.5086339524451285 0.7616118769883351 
0.754320578682171 0.7742663656884876 0.7546611741616475 0.344827621677463 0.22573363431151242 0.4857191758687633 0.7742663656884876 0.5142808241312368 0.7613467656415693 
0.7481601300483255 0.7697516930022573 0.7485144025776079 0.32782685765714087 0.23024830699774265 0.49859580753035915 0.7697516930022573 0.5014041924696409 0.7606044538706257 
0.748673990104368 0.7697516930022573 0.7497543976448803 0.3307924658153611 0.23024830699774265 0.4929489358442509 0.7697516930022573 0.507051064155749 0.7599946977730647 
0.7508191917850661 0.7720090293453724 0.7503528201140566 0.33349597169694056 0.22799097065462753 0.49780436338566936 0.7720090293453724 0.5021956366143306 0.7605514316012727 
0.7455637850974304 0.7674943566591422 0.7466793779091916 0.3222483700135855 0.2325056433408578 0.4993872516750489 0.7674943566591422 0.5006127483249512 0.761041887592789 
0.7481601300483255 0.7697516930022573 0.7485144025776079 0.32782685765714087 0.23024830699774265 0.49859580753035915 0.7697516930022573 0.5014041924696409 0.7606044538706257 
0.7467817704838021 0.7674943566591422 0.7491138918572195 0.3283859136963482 0.2325056433408578 0.4880935083028326 0.7674943566591422 0.5119064916971675 0.7607370095440085 
0.7398703004219861 0.7629796839729119 0.7417605308783021 0.3081322790498736 0.23702031602708803 0.5066170116505366 0.7629796839729119 0.4933829883494635 0.7610949098621421 
0.7492385981949667 0.7697516930022573 0.7509597085486069 0.3337832648439147 0.23024830699774265 0.48730206415814287 0.7697516930022573 0.5126979358418572 0.7610021208907741 
0.7366762834828164 0.7607223476297968 0.7386522222865338 0.29942887213854225 0.23927765237020315 0.5130553274813345 0.7607223476297968 0.4869446725186655 0.7607237539766702 
0.7430274015265651 0.7652370203160271 0.7448476211281133 0.3167573099532594 0.23476297968397292 0.5001786958197386 0.7652370203160271 0.4998213041802614 0.7609093319194061 
0.7504401361332941 0.7720090293453724 0.7490714635660994 0.3306594663121328 0.22799097065462753 0.5034512350717776 0.7720090293453724 0.4965487649282224 0.7614528101802757 
0.748673990104368 0.7697516930022573 0.7497543976448803 0.3307924658153611 0.23024830699774265 0.4929489358442509 0.7697516930022573 0.507051064155749 0.7619565217391304 
0.7481601300483255 0.7697516930022573 0.7485144025776079 0.32782685765714087 0.23024830699774265 0.49859580753035915 0.7697516930022573 0.5014041924696409 0.7612937433722162 
0.7512572697728743 0.7720090293453724 0.7515982249400809 0.3363644609772974 0.22799097065462753 0.4921574916995612 0.7720090293453724 0.5078425083004389 0.7612539766702014 
0.7508191917850661 0.7720090293453724 0.7503528201140566 0.33349597169694056 0.22799097065462753 0.49780436338566936 0.7720090293453724 0.5021956366143306 0.7615323435843054 
0.7455637850974304 0.7674943566591422 0.7466793779091916 0.3222483700135855 0.2325056433408578 0.4993872516750489 0.7674943566591422 0.5006127483249512 0.7612274655355248 
0.7424182067655709 0.7652370203160271 0.7435833124320709 0.31362786489784156 0.23476297968397292 0.5058255675058468 0.7652370203160271 0.4941744324941532 0.7601405090137858 
0.7436814222305425 0.7652370203160271 0.7460765655789718 0.31990434741141477 0.23476297968397292 0.49453182413363045 0.7652370203160271 0.5054681758663695 0.7609888653234358 
0.7424182067655709 0.7652370203160271 0.7435833124320709 0.31362786489784156 0.23476297968397292 0.5058255675058468 0.7652370203160271 0.4941744324941532 0.7611214209968186 
0.7461495480256928 0.7674943566591422 0.7479138855361768 0.3253067506165901 0.2325056433408578 0.4937403799889407 0.7674943566591422 0.5062596200110593 0.7605381760339344 
0.7430274015265651 0.7652370203160271 0.7448476211281133 0.3167573099532594 0.23476297968397292 0.5001786958197386 0.7652370203160271 0.4998213041802614 0.7605116648992577 
0.7436814222305425 0.7652370203160271 0.7460765655789718 0.31990434741141477 0.23476297968397292 0.49453182413363045 0.7652370203160271 0.5054681758663695 0.761558854718982 
0.7481601300483255 0.7697516930022573 0.7485144025776079 0.32782685765714087 0.23024830699774265 0.49859580753035915 0.7697516930022573 0.5014041924696409 0.7609623541887592 
0.748673990104368 0.7697516930022573 0.7497543976448803 0.3307924658153611 0.23024830699774265 0.4929489358442509 0.7697516930022573 0.507051064155749 0.7609888653234358 
0.7481601300483255 0.7697516930022573 0.7485144025776079 0.32782685765714087 0.23024830699774265 0.49859580753035915 0.7697516930022573 0.5014041924696409 0.7618372216330859 
0.7573518923022734 0.7765237020316027 0.7577036375541896 0.3532189897262452 0.2234762979683973 0.4792808600379654 0.7765237020316027 0.5207191399620347 0.760670731707317 
0.7569507544483186 0.7765237020316027 0.7565170719709704 0.35048055194100924 0.2234762979683973 0.48492773172407355 0.7765237020316027 0.5150722682759264 0.7606839872746554 
0.7573518923022734 0.7765237020316027 0.7577036375541896 0.3532189897262452 0.2234762979683973 0.4792808600379654 0.7765237020316027 0.5207191399620347 0.7620625662778365 
0.754320578682171 0.7742663656884876 0.7546611741616475 0.344827621677463 0.22573363431151242 0.4857191758687633 0.7742663656884876 0.5142808241312368 0.7611214209968186 
0.754320578682171 0.7742663656884876 0.7546611741616475 0.344827621677463 0.22573363431151242 0.4857191758687633 0.7742663656884876 0.5142808241312368 0.7604586426299046 
0.7504401361332941 0.7720090293453724 0.7490714635660994 0.3306594663121328 0.22799097065462753 0.5034512350717776 0.7720090293453724 0.4965487649282224 0.760763520678685 
0.754320578682171 0.7742663656884876 0.7546611741616475 0.344827621677463 0.22573363431151242 0.4857191758687633 0.7742663656884876 0.5142808241312368 0.7612142099681867 
0.7508191917850661 0.7720090293453724 0.7503528201140566 0.33349597169694056 0.22799097065462753 0.49780436338566936 0.7720090293453724 0.5021956366143306 0.7608297985153765 
0.7569507544483186 0.7765237020316027 0.7565170719709704 0.35048055194100924 0.2234762979683973 0.48492773172407355 0.7765237020316027 0.5150722682759264 0.7602730646871686 
0.7569507544483186 0.7765237020316027 0.7565170719709704 0.35048055194100924 0.2234762979683973 0.48492773172407355 0.7765237020316027 0.5150722682759264 0.7599019088016967 
0.7569507544483186 0.7765237020316027 0.7565170719709704 0.35048055194100924 0.2234762979683973 0.48492773172407355 0.7765237020316027 0.5150722682759264 0.7593584305408272 
0.7508191917850661 0.7720090293453724 0.7503528201140566 0.33349597169694056 0.22799097065462753 0.49780436338566936 0.7720090293453724 0.5021956366143306 0.759398197242842 
0.7539020533310801 0.7742663656884876 0.7534454927231451 0.34202585041644024 0.22573363431151242 0.49136604755487145 0.7742663656884876 0.5086339524451285 0.7597295864262991 
0.7539020533310801 0.7742663656884876 0.7534454927231451 0.34202585041644024 0.22573363431151242 0.49136604755487145 0.7742663656884876 0.5086339524451285 0.7608960763520679 
0.7539020533310801 0.7742663656884876 0.7534454927231451 0.34202585041644024 0.22573363431151242 0.49136604755487145 0.7742663656884876 0.5086339524451285 0.7612274655355248 
0.7539020533310801 0.7742663656884876 0.7534454927231451 0.34202585041644024 0.22573363431151242 0.49136604755487145 0.7742663656884876 0.5086339524451285 0.7605381760339344 
0.7539020533310801 0.7742663656884876 0.7534454927231451 0.34202585041644024 0.22573363431151242 0.49136604755487145 0.7742663656884876 0.5086339524451285 0.7606839872746554 
0.7539020533310801 0.7742663656884876 0.7534454927231451 0.34202585041644024 0.22573363431151242 0.49136604755487145 0.7742663656884876 0.5086339524451285 0.7611214209968186 
0.748673990104368 0.7697516930022573 0.7497543976448803 0.3307924658153611 0.23024830699774265 0.4929489358442509 0.7697516930022573 0.507051064155749 0.7612009544008483 
0.7539020533310801 0.7742663656884876 0.7534454927231451 0.34202585041644024 0.22573363431151242 0.49136604755487145 0.7742663656884876 0.5086339524451285 0.760763520678685 
0.7517507201639829 0.7720090293453724 0.7528087615451832 0.33926287017141765 0.22799097065462753 0.4865106200134531 0.7720090293453724 0.513489379986547 0.7611876988335101 
0.748673990104368 0.7697516930022573 0.7497543976448803 0.3307924658153611 0.23024830699774265 0.4929489358442509 0.7697516930022573 0.507051064155749 0.7612672322375399 
0.7461495480256928 0.7674943566591422 0.7479138855361768 0.3253067506165901 0.2325056433408578 0.4937403799889407 0.7674943566591422 0.5062596200110593 0.7617709437963945 
0.748673990104368 0.7697516930022573 0.7497543976448803 0.3307924658153611 0.23024830699774265 0.4929489358442509 0.7697516930022573 0.507051064155749 0.7621686108165431 
0.7492385981949667 0.7697516930022573 0.7509597085486069 0.3337832648439147 0.23024830699774265 0.48730206415814287 0.7697516930022573 0.5126979358418572 0.7629374337221633 
0.7539020533310801 0.7742663656884876 0.7534454927231451 0.34202585041644024 0.22573363431151242 0.49136604755487145 0.7742663656884876 0.5086339524451285 0.7632290562036054 
0.7547957741593908 0.7742663656884876 0.755842851518242 0.3476621822764146 0.22573363431151242 0.4800723041826551 0.7742663656884876 0.5199276958173449 0.763626723223754 
0.7512572697728743 0.7720090293453724 0.7515982249400809 0.3363644609772974 0.22799097065462753 0.4921574916995612 0.7720090293453724 0.5078425083004389 0.7630832449628843 
0.7517507201639829 0.7720090293453724 0.7528087615451832 0.33926287017141765 0.22799097065462753 0.4865106200134531 0.7720090293453724 0.513489379986547 0.763533934252386 
0.7512572697728743 0.7720090293453724 0.7515982249400809 0.3363644609772974 0.22799097065462753 0.4921574916995612 0.7720090293453724 0.5078425083004389 0.763533934252386 
0.7461495480256928 0.7674943566591422 0.7479138855361768 0.3253067506165901 0.2325056433408578 0.4937403799889407 0.7674943566591422 0.5062596200110593 0.7630302226935312 
0.7424182067655709 0.7652370203160271 0.7435833124320709 0.31362786489784156 0.23476297968397292 0.5058255675058468 0.7652370203160271 0.4941744324941532 0.7636134676564157 
0.7373808129487623 0.7607223476297968 0.7399408446113462 0.30272215409115755 0.23927765237020315 0.5074084557952263 0.7607223476297968 0.49259154420477363 0.7630965005302228 
