precision recall f1 MCC TP FP FN FP AUC 
0.7532502611509384 0.7742663656884876 0.7509078726825356 0.33652981166671875 0.22573363431151242 0.5026597909270878 0.7742663656884876 0.4973402090729122 0.7399655355249205 
0.7436496868956339 0.7629796839729119 0.7477113152533669 0.32435298623702097 0.23702031602708803 0.4783826532199958 0.7629796839729119 0.5216173467800043 0.7377651113467655 
0.7348189887812082 0.7607223476297968 0.7345587117377335 0.2896150113215269 0.23927765237020315 0.529995942539659 0.7607223476297968 0.470004057460341 0.7466728525980911 
0.7505091462091055 0.7697516930022573 0.7532703322903181 0.33983492781325314 0.23024830699774265 0.47600832078592653 0.7697516930022573 0.5239916792140735 0.7483828207847296 
0.7498762010315594 0.7720090293453724 0.7463963122672171 0.32509224770470063 0.22799097065462753 0.5147449784439938 0.7720090293453724 0.48525502155600614 0.7477067868504773 
0.7412672265945404 0.7629796839729119 0.7442423169418255 0.3145824257214471 0.23702031602708803 0.4953232682783202 0.7629796839729119 0.5046767317216797 0.7525053022269353 
0.7348189887812082 0.7607223476297968 0.7345587117377335 0.2896150113215269 0.23927765237020315 0.529995942539659 0.7607223476297968 0.470004057460341 0.7509013785790032 
0.7420248659858292 0.7629796839729119 0.7454314850508114 0.3178270590989218 0.23702031602708803 0.48967639659221207 0.7629796839729119 0.510323603407788 0.760246553552492 
0.7386457760085845 0.7629796839729119 0.7391336997469352 0.3017390036119798 0.23702031602708803 0.5179107550227529 0.7629796839729119 0.4820892449772471 0.7674708377518557 
0.7492385981949667 0.7697516930022573 0.7509597085486069 0.3337832648439147 0.23024830699774265 0.48730206415814287 0.7697516930022573 0.5126979358418572 0.7707184517497349 
0.7441145091931363 0.7674943566591422 0.7427580328901181 0.313211678116003 0.2325056433408578 0.5163278667333734 0.7674943566591422 0.4836721332666266 0.7720970307529162 
0.7517507201639829 0.7720090293453724 0.7528087615451832 0.33926287017141765 0.22799097065462753 0.4865106200134531 0.7720090293453724 0.513489379986547 0.7719909862142099 
0.7532502611509384 0.7742663656884876 0.7509078726825356 0.33652981166671875 0.22573363431151242 0.5026597909270878 0.7742663656884876 0.4973402090729122 0.7694989395546128 
0.7517507201639829 0.7720090293453724 0.7528087615451832 0.33926287017141765 0.22799097065462753 0.4865106200134531 0.7720090293453724 0.513489379986547 0.7710233297985154 
0.7530259056218426 0.7742663656884876 0.7495836903186163 0.333840950658113 0.22573363431151242 0.5083066626131959 0.7742663656884876 0.4916933373868041 0.7714077412513257 
0.765385899896589 0.7832957110609481 0.7633076730142193 0.37042383593503875 0.21670428893905191 0.4769065276038961 0.7832957110609481 0.5230934723961038 0.7758218451749735 
0.7621436989642459 0.781038374717833 0.7577430018479755 0.35714859179725356 0.21896162528216703 0.49463858680691036 0.781038374717833 0.5053614131930897 0.7761399787910923 
0.7569507544483186 0.7765237020316027 0.7565170719709704 0.35048055194100924 0.2234762979683973 0.48492773172407355 0.7765237020316027 0.5150722682759264 0.7787910922587487 
0.7621436989642459 0.781038374717833 0.7577430018479755 0.35714859179725356 0.21896162528216703 0.49463858680691036 0.781038374717833 0.5053614131930897 0.7792815482502651 
0.7539020533310801 0.7742663656884876 0.7534454927231451 0.34202585041644024 0.22573363431151242 0.49136604755487145 0.7742663656884876 0.5086339524451285 0.7767629904559914 
0.768153428887949 0.7855530474040632 0.7627379915005944 0.37179422969100373 0.2144469525959368 0.48740882683142267 0.7855530474040632 0.5125911731685773 0.7773462354188759 
0.7593875873024294 0.7787810383747178 0.7571508626813368 0.35363005925169044 0.22121896162528218 0.4897831592654919 0.7787810383747178 0.510216840734508 0.7778897136797455 
0.7621436989642459 0.781038374717833 0.7577430018479755 0.35714859179725356 0.21896162528216703 0.49463858680691036 0.781038374717833 0.5053614131930897 0.7766436903499468 
0.7508191917850661 0.7720090293453724 0.7503528201140566 0.33349597169694056 0.22799097065462753 0.49780436338566936 0.7720090293453724 0.5021956366143306 0.7755302226935312 
0.7528762099688979 0.7742663656884876 0.7482210108589151 0.3311957987138042 0.22573363431151242 0.5139535342993041 0.7742663656884876 0.4860464657006958 0.7758218451749735 
0.7563373161956489 0.7765237020316027 0.7540403454756819 0.3451196976622093 0.2234762979683973 0.49622147509628983 0.7765237020316027 0.5037785249037101 0.7756362672322376 
0.7590700804995861 0.7787810383747178 0.7532565906417368 0.3461382306142233 0.22121896162528218 0.5067237743238164 0.7787810383747178 0.49327622567618357 0.7757025450689289 
0.7561339690405426 0.7765237020316027 0.7527480121953561 0.3425029539035034 0.2234762979683973 0.501868346782398 0.7765237020316027 0.49813165321760194 0.7748011664899258 
0.7624036740094965 0.781038374717833 0.7537189849125443 0.3502147657167101 0.21896162528216703 0.5115792018652349 0.781038374717833 0.48842079813476513 0.775424178154825 
0.7590948779020539 0.7787810383747178 0.7545920165122442 0.3485829304369751 0.22121896162528218 0.5010769026377083 0.7787810383747178 0.4989230973622917 0.7753844114528102 
0.7590700804995861 0.7787810383747178 0.7532565906417368 0.3461382306142233 0.22121896162528218 0.5067237743238164 0.7787810383747178 0.49327622567618357 0.7763918345705196 
0.7561339690405426 0.7765237020316027 0.7527480121953561 0.3425029539035034 0.2234762979683973 0.501868346782398 0.7765237020316027 0.49813165321760194 0.7771474019088017 
0.7590948779020539 0.7787810383747178 0.7545920165122442 0.3485829304369751 0.22121896162528218 0.5010769026377083 0.7787810383747178 0.4989230973622917 0.7782608695652173 
0.7590948779020539 0.7787810383747178 0.7545920165122442 0.3485829304369751 0.22121896162528218 0.5010769026377083 0.7787810383747178 0.4989230973622917 0.778804347826087 
0.7528073229521368 0.7742663656884876 0.746818578434931 0.3285981562250913 0.22573363431151242 0.5196004059854124 0.7742663656884876 0.4803995940145877 0.7783006362672322 
0.7501242391168395 0.7720090293453724 0.7477530225427371 0.32785731600975315 0.22799097065462753 0.5090981067578857 0.7720090293453724 0.4909018932421143 0.7808854718981972 
0.7530259056218426 0.7742663656884876 0.7495836903186163 0.333840950658113 0.22573363431151242 0.5083066626131959 0.7742663656884876 0.4916933373868041 0.781627783669141 
0.7532502611509384 0.7742663656884876 0.7509078726825356 0.33652981166671875 0.22573363431151242 0.5026597909270878 0.7742663656884876 0.4973402090729122 0.7851537645811242 
0.7561339690405426 0.7765237020316027 0.7527480121953561 0.3425029539035034 0.2234762979683973 0.501868346782398 0.7765237020316027 0.49813165321760194 0.7859358430540827 
0.7563373161956489 0.7765237020316027 0.7540403454756819 0.3451196976622093 0.2234762979683973 0.49622147509628983 0.7765237020316027 0.5037785249037101 0.7836161187698834 
0.7621368380434278 0.781038374717833 0.756440022672476 0.354774000741218 0.21896162528216703 0.5002854584930185 0.781038374717833 0.4997145415069815 0.7847030752916225 
0.7532502611509384 0.7742663656884876 0.7509078726825356 0.33652981166671875 0.22573363431151242 0.5026597909270878 0.7742663656884876 0.4973402090729122 0.7849284199363733 
0.7561339690405426 0.7765237020316027 0.7527480121953561 0.3425029539035034 0.2234762979683973 0.501868346782398 0.7765237020316027 0.49813165321760194 0.7859093319194062 
0.747700190751731 0.7697516930022573 0.7472386529948608 0.32488808764385646 0.23024830699774265 0.5042426792164674 0.7697516930022573 0.4957573207835327 0.7862009544008483 
0.7408879610614196 0.7652370203160271 0.7395670379313611 0.30435699110038894 0.23476297968397292 0.5227661825641713 0.7652370203160271 0.4772338174358287 0.7897667020148462 
0.7445429560709393 0.7674943566591422 0.7441025816565173 0.31619923496205626 0.2325056433408578 0.5106809950472652 0.7674943566591422 0.4893190049527348 0.7903101802757156 
0.7408879610614196 0.7652370203160271 0.7395670379313611 0.30435699110038894 0.23476297968397292 0.5227661825641713 0.7652370203160271 0.4772338174358287 0.7915031813361612 
0.7445429560709393 0.7674943566591422 0.7441025816565173 0.31619923496205626 0.2325056433408578 0.5106809950472652 0.7674943566591422 0.4893190049527348 0.7912513255567339 
0.7408879610614196 0.7652370203160271 0.7395670379313611 0.30435699110038894 0.23476297968397292 0.5227661825641713 0.7652370203160271 0.4772338174358287 0.7918345705196183 
0.7539020533310801 0.7742663656884876 0.7534454927231451 0.34202585041644024 0.22573363431151242 0.49136604755487145 0.7742663656884876 0.5086339524451285 0.790880169671262 
0.7621368380434278 0.781038374717833 0.756440022672476 0.354774000741218 0.21896162528216703 0.5002854584930185 0.781038374717833 0.4997145415069815 0.792192470837752 
0.7566111627495243 0.7765237020316027 0.7552963286266496 0.3477799043530118 0.2234762979683973 0.4905746034101817 0.7765237020316027 0.5094253965898183 0.7924045599151643 
0.7530259056218426 0.7742663656884876 0.7495836903186163 0.333840950658113 0.22573363431151242 0.5083066626131959 0.7742663656884876 0.4916933373868041 0.7923647932131496 
0.7504401361332941 0.7720090293453724 0.7490714635660994 0.3306594663121328 0.22799097065462753 0.5034512350717776 0.7720090293453724 0.4965487649282224 0.7909597030752915 
0.7560065195374935 0.7765237020316027 0.7514181674698466 0.3399331242229593 0.2234762979683973 0.5075152184685062 0.7765237020316027 0.4924847815314938 0.7928685047720042 
0.7566111627495243 0.7765237020316027 0.7552963286266496 0.3477799043530118 0.2234762979683973 0.4905746034101817 0.7765237020316027 0.5094253965898183 0.794459172852598 
0.7622344962580037 0.781038374717833 0.759009227385264 0.35957992901228575 0.21896162528216703 0.48899171512080214 0.781038374717833 0.5110082848791978 0.7944459172852598 
0.754320578682171 0.7742663656884876 0.7546611741616475 0.344827621677463 0.22573363431151242 0.4857191758687633 0.7742663656884876 0.5142808241312368 0.7940880169671262 
0.7563373161956489 0.7765237020316027 0.7540403454756819 0.3451196976622093 0.2234762979683973 0.49622147509628983 0.7765237020316027 0.5037785249037101 0.7923515376458112 
0.7517507201639829 0.7720090293453724 0.7528087615451832 0.33926287017141765 0.22799097065462753 0.4865106200134531 0.7720090293453724 0.513489379986547 0.7933059384941676 
0.7593875873024294 0.7787810383747178 0.7571508626813368 0.35363005925169044 0.22121896162528218 0.4897831592654919 0.7787810383747178 0.510216840734508 0.795015906680806 
0.7569507544483186 0.7765237020316027 0.7565170719709704 0.35048055194100924 0.2234762979683973 0.48492773172407355 0.7765237020316027 0.5150722682759264 0.7954268292682926 
0.7593875873024294 0.7787810383747178 0.7571508626813368 0.35363005925169044 0.22121896162528218 0.4897831592654919 0.7787810383747178 0.510216840734508 0.7952279957582185 
0.7624031337139823 0.781038374717833 0.7602398371392425 0.36206383700908307 0.21896162528216703 0.4833448434346941 0.781038374717833 0.516655156565306 0.795015906680806 
0.7592027569454206 0.7787810383747178 0.7558897152288849 0.35108156438202925 0.22121896162528218 0.4954300309516001 0.7787810383747178 0.5045699690483999 0.7947773064687168 
0.7596439766138346 0.7787810383747178 0.7583765828686821 0.3562248431757395 0.22121896162528218 0.4841362875793838 0.7787810383747178 0.5158637124206162 0.795068928950159 
0.7593875873024294 0.7787810383747178 0.7571508626813368 0.35363005925169044 0.22121896162528218 0.4897831592654919 0.7787810383747178 0.510216840734508 0.7953870625662778 
0.7569507544483186 0.7765237020316027 0.7565170719709704 0.35048055194100924 0.2234762979683973 0.48492773172407355 0.7765237020316027 0.5150722682759264 0.7966993637327678 
0.7622344962580037 0.781038374717833 0.759009227385264 0.35957992901228575 0.21896162528216703 0.48899171512080214 0.781038374717833 0.5110082848791978 0.7966861081654295 
0.7596439766138346 0.7787810383747178 0.7583765828686821 0.3562248431757395 0.22121896162528218 0.4841362875793838 0.7787810383747178 0.5158637124206162 0.7968981972428419 
0.7592027569454206 0.7787810383747178 0.7558897152288849 0.35108156438202925 0.22121896162528218 0.4954300309516001 0.7787810383747178 0.5045699690483999 0.7967921527041357 
0.7593875873024294 0.7787810383747178 0.7571508626813368 0.35363005925169044 0.22121896162528218 0.4897831592654919 0.7787810383747178 0.510216840734508 0.7962221633085896 
0.7563373161956489 0.7765237020316027 0.7540403454756819 0.3451196976622093 0.2234762979683973 0.49622147509628983 0.7765237020316027 0.5037785249037101 0.7963944856839872 
0.7569507544483186 0.7765237020316027 0.7565170719709704 0.35048055194100924 0.2234762979683973 0.48492773172407355 0.7765237020316027 0.5150722682759264 0.7978525980911984 
0.7539020533310801 0.7742663656884876 0.7534454927231451 0.34202585041644024 0.22573363431151242 0.49136604755487145 0.7742663656884876 0.5086339524451285 0.7983165429480382 
0.7569507544483186 0.7765237020316027 0.7565170719709704 0.35048055194100924 0.2234762979683973 0.48492773172407355 0.7765237020316027 0.5150722682759264 0.7985949098621421 
0.7535438890270801 0.7742663656884876 0.7521947578380986 0.3392590734477734 0.22573363431151242 0.4970129192409796 0.7742663656884876 0.5029870807590203 0.7983165429480382 
0.7569507544483186 0.7765237020316027 0.7565170719709704 0.35048055194100924 0.2234762979683973 0.48492773172407355 0.7765237020316027 0.5150722682759264 0.7982900318133617 
0.7596439766138346 0.7787810383747178 0.7583765828686821 0.3562248431757395 0.22121896162528218 0.4841362875793838 0.7787810383747178 0.5158637124206162 0.7985949098621421 
0.7596439766138346 0.7787810383747178 0.7583765828686821 0.3562248431757395 0.22121896162528218 0.4841362875793838 0.7787810383747178 0.5158637124206162 0.7994697773064687 
0.7681316763203585 0.7855530474040632 0.7639781092948462 0.3740401603623622 0.2144469525959368 0.48176195514531456 0.7855530474040632 0.5182380448546855 0.798966065747614 
0.768337723799207 0.7855530474040632 0.7663547660327495 0.37871273386843307 0.2144469525959368 0.4704682117730982 0.7855530474040632 0.5295317882269018 0.7995625662778367 
0.7711077485343851 0.7878103837471784 0.7658534003215834 0.3801850698126503 0.21218961625282168 0.4809705110006248 0.7878103837471784 0.5190294889993753 0.7997348886532344 
0.768337723799207 0.7855530474040632 0.7663547660327495 0.37871273386843307 0.2144469525959368 0.4704682117730982 0.7855530474040632 0.5295317882269018 0.7996155885471898 
0.7652312855777784 0.7832957110609481 0.7621069675245746 0.3680010450556074 0.21670428893905191 0.4825533992900043 0.7832957110609481 0.5174466007099957 0.8001060445387062 
0.7681951046784402 0.7855530474040632 0.7651833456518355 0.3763477696651543 0.2144469525959368 0.47611508345920633 0.7855530474040632 0.5238849165407936 0.8000795334040297 
0.7622344962580037 0.781038374717833 0.759009227385264 0.35957992901228575 0.21896162528216703 0.48899171512080214 0.781038374717833 0.5110082848791978 0.8004639448568399 
0.7681951046784402 0.7855530474040632 0.7651833456518355 0.3763477696651543 0.2144469525959368 0.47611508345920633 0.7855530474040632 0.5238849165407936 0.8008616118769883 
0.7710749838531277 0.7878103837471784 0.7670630723678128 0.3823720308595243 0.21218961625282168 0.4753236393145166 0.7878103837471784 0.5246763606854834 0.8001060445387062 
0.7712603444155798 0.7878103837471784 0.7693815037119488 0.38693308926376846 0.21218961625282168 0.46402989594230026 0.7878103837471784 0.5359701040576997 0.7999602332979852 
0.7740288563827133 0.7900677200902935 0.7689469912044284 0.3885003917124388 0.20993227990970656 0.47453219516982686 0.7900677200902935 0.5254678048301731 0.799483032873807 
0.768337723799207 0.7855530474040632 0.7663547660327495 0.37871273386843307 0.2144469525959368 0.4704682117730982 0.7855530474040632 0.5295317882269018 0.7988202545068929 
0.7739870756428983 0.7900677200902935 0.7701268541644284 0.39063170232122557 0.20993227990970656 0.46888532348371875 0.7900677200902935 0.5311146765162813 0.7986081654294804 
0.7656137558377766 0.7832957110609481 0.7644747271951815 0.37289793340166655 0.21670428893905191 0.471259655917788 0.7832957110609481 0.5287403440822122 0.7993372216330858 
0.7711077485343851 0.7878103837471784 0.7658534003215834 0.3801850698126503 0.21218961625282168 0.4809705110006248 0.7878103837471784 0.5190294889993753 0.7996818663838813 
0.7626442391237627 0.781038374717833 0.76143591900186 0.3645966429047212 0.21896162528216703 0.4776979717485859 0.781038374717833 0.5223020282514141 0.7992311770943796 
0.7711077485343851 0.7878103837471784 0.7658534003215834 0.3801850698126503 0.21218961625282168 0.4809705110006248 0.7878103837471784 0.5190294889993753 0.798873276776246 
0.7652312855777784 0.7832957110609481 0.7621069675245746 0.3680010450556074 0.21670428893905191 0.4825533992900043 0.7832957110609481 0.5174466007099957 0.7993239660657477 
0.7681316763203585 0.7855530474040632 0.7639781092948462 0.3740401603623622 0.2144469525959368 0.48176195514531456 0.7855530474040632 0.5182380448546855 0.7999337221633086 
0.7624031337139823 0.781038374717833 0.7602398371392425 0.36206383700908307 0.21896162528216703 0.4833448434346941 0.781038374717833 0.516655156565306 0.8004639448568399 
0.7593875873024294 0.7787810383747178 0.7571508626813368 0.35363005925169044 0.22121896162528218 0.4897831592654919 0.7787810383747178 0.510216840734508 0.8000397667020148 
0.7596439766138346 0.7787810383747178 0.7583765828686821 0.3562248431757395 0.22121896162528218 0.4841362875793838 0.7787810383747178 0.5158637124206162 0.7993372216330858 
0.7563373161956489 0.7765237020316027 0.7540403454756819 0.3451196976622093 0.2234762979683973 0.49622147509628983 0.7765237020316027 0.5037785249037101 0.8001193001060445 
0.7593875873024294 0.7787810383747178 0.7571508626813368 0.35363005925169044 0.22121896162528218 0.4897831592654919 0.7787810383747178 0.510216840734508 0.8001988335100744 
0.7561339690405426 0.7765237020316027 0.7527480121953561 0.3425029539035034 0.2234762979683973 0.501868346782398 0.7765237020316027 0.49813165321760194 0.7998011664899258 
0.7622344962580037 0.781038374717833 0.759009227385264 0.35957992901228575 0.21896162528216703 0.48899171512080214 0.781038374717833 0.5110082848791978 0.7998939554612937 
0.7592027569454206 0.7787810383747178 0.7558897152288849 0.35108156438202925 0.22121896162528218 0.4954300309516001 0.7787810383747178 0.5045699690483999 0.7995493107104984 
0.7592027569454206 0.7787810383747178 0.7558897152288849 0.35108156438202925 0.22121896162528218 0.4954300309516001 0.7787810383747178 0.5045699690483999 0.7985816542948038 
0.7621436989642459 0.781038374717833 0.7577430018479755 0.35714859179725356 0.21896162528216703 0.49463858680691036 0.781038374717833 0.5053614131930897 0.7978923647932131 
0.7652312855777784 0.7832957110609481 0.7621069675245746 0.3680010450556074 0.21670428893905191 0.4825533992900043 0.7832957110609481 0.5174466007099957 0.7979718981972428 
