precision recall f1 MCC TP FP FN FP AUC 
0.7437458825256251 0.7674943566591422 0.7413744570645879 0.3102513711864419 0.2325056433408578 0.5219747384194816 0.7674943566591422 0.4780252615805184 0.7633218451749735 
0.7519529015648311 0.7697516930022573 0.7554539609542905 0.34597262200802625 0.23024830699774265 0.46471457741371014 0.7697516930022573 0.5352854225862899 0.7694856839872748 
0.7681951046784402 0.7855530474040632 0.7651833456518355 0.3763477696651543 0.2144469525959368 0.47611508345920633 0.7855530474040632 0.5238849165407936 0.7762327677624602 
0.749730701192632 0.7674943566591422 0.7535885208444097 0.34089095862212493 0.2325056433408578 0.46550602155839993 0.7674943566591422 0.5344939784416002 0.7708112407211029 
0.7539020533310801 0.7742663656884876 0.7534454927231451 0.34202585041644024 0.22573363431151242 0.49136604755487145 0.7742663656884876 0.5086339524451285 0.7750000000000001 
0.7451148316337229 0.7652370203160271 0.7484324956685596 0.3262476649051962 0.23476297968397292 0.4832380807614141 0.7652370203160271 0.5167619192385858 0.7782211028632026 
0.7539020533310801 0.7742663656884876 0.7534454927231451 0.34202585041644024 0.22573363431151242 0.49136604755487145 0.7742663656884876 0.5086339524451285 0.7826352067868505 
0.7519529015648311 0.7697516930022573 0.7554539609542905 0.34597262200802625 0.23024830699774265 0.46471457741371014 0.7697516930022573 0.5352854225862899 0.7795068928950161 
0.7622208535442538 0.781038374717833 0.7550990991971648 0.3524609135338418 0.21896162528216703 0.5059323301791266 0.781038374717833 0.4940676698208733 0.779228525980912 
0.7528911904317167 0.7720090293453724 0.755129333239352 0.3451424897286282 0.22799097065462753 0.4752168766412368 0.7720090293453724 0.5247831233587633 0.7780355249204666 
0.7560065195374935 0.7765237020316027 0.7514181674698466 0.3399331242229593 0.2234762979683973 0.5075152184685062 0.7765237020316027 0.4924847815314938 0.7853923647932132 
0.7607975921745673 0.7787810383747178 0.7618516986012163 0.36425737461216834 0.22121896162528218 0.46719567252105926 0.7787810383747178 0.5328043274789408 0.7870095440084836 
0.7566111627495243 0.7765237020316027 0.7552963286266496 0.3477799043530118 0.2234762979683973 0.4905746034101817 0.7765237020316027 0.5094253965898183 0.7894750795334039 
0.760352950123815 0.7787810383747178 0.7607259944878773 0.3615410997089145 0.22121896162528218 0.4728425442071675 0.7787810383747178 0.5271574557928326 0.789382290562036 
0.7596439766138346 0.7787810383747178 0.7583765828686821 0.3562248431757395 0.22121896162528218 0.4841362875793838 0.7787810383747178 0.5158637124206162 0.7901643690349947 
0.7618505448033693 0.7787810383747178 0.7640098181553548 0.3697954395401211 0.22121896162528218 0.455901929148843 0.7787810383747178 0.544098070851157 0.794459172852598 
0.768337723799207 0.7855530474040632 0.7663547660327495 0.37871273386843307 0.2144469525959368 0.4704682117730982 0.7855530474040632 0.5295317882269018 0.7975477200424179 
0.770597755657715 0.7855530474040632 0.7727272765069797 0.393920436163904 0.2144469525959368 0.4365869816564492 0.7855530474040632 0.5634130183435508 0.7989130434782609 
0.7825535215711854 0.7968397291196389 0.7791950567454827 0.415003400987972 0.20316027088036118 0.44957037599132493 0.7968397291196389 0.5504296240086751 0.802439024390244 
0.7677034462678967 0.7832957110609481 0.7698390220746262 0.3859341737765529 0.21670428893905191 0.4430252974872471 0.7832957110609481 0.5569747025127529 0.8033404029692471 
0.7825535215711854 0.7968397291196389 0.7791950567454827 0.415003400987972 0.20316027088036118 0.44957037599132493 0.7968397291196389 0.5504296240086751 0.8020546129374339 
0.7696027103893767 0.7855530474040632 0.7707220257776405 0.38867586450213937 0.2144469525959368 0.44788072502866555 0.7855530474040632 0.5521192749713345 0.8025583244962883 
0.7797246931500952 0.7945823927765236 0.7761924600945284 0.4069449157958569 0.2054176072234763 0.45600869182212284 0.7945823927765236 0.5439913081778771 0.8024257688229056 
0.7749593449522328 0.7900677200902935 0.7755489304981111 0.4021942289501607 0.20993227990970656 0.4406509650531778 0.7900677200902935 0.5593490349468221 0.8021474019088017 
0.7740312084746509 0.7900677200902935 0.7712736130636388 0.39282882483214493 0.20993227990970656 0.4632384517976105 0.7900677200902935 0.5367615482023895 0.8010206786850477 
0.7717440376877025 0.7878103837471784 0.7715720374338199 0.39171691974161454 0.21218961625282168 0.4527361525700839 0.7878103837471784 0.5472638474299161 0.8003579003181337 
0.776869746462098 0.7923250564334086 0.7731698533052935 0.3988218214536375 0.2076749435665914 0.46244700765292074 0.7923250564334086 0.5375529923470793 0.8036055143160127 
0.7741554087171447 0.7900677200902935 0.7723882655812084 0.39508734839072795 0.20993227990970656 0.45759158011150236 0.7900677200902935 0.5424084198884976 0.804559915164369 
0.7797246931500952 0.7945823927765236 0.7761924600945284 0.4069449157958569 0.2054176072234763 0.45600869182212284 0.7945823927765236 0.5439913081778771 0.8050636267232237 
0.7743544899301107 0.7900677200902935 0.7734717664341885 0.39740335357085355 0.20993227990970656 0.4519447084253942 0.7900677200902935 0.5480552915746058 0.8046792152704135 
0.7773017947426881 0.7923250564334086 0.769616995093127 0.3928088697735612 0.2076749435665914 0.47938762271124524 0.7923250564334086 0.5206123772887548 0.80516967126193 
0.7881388299459359 0.801354401805869 0.7851417093360531 0.43093568687141415 0.1986455981941309 0.436693744329729 0.801354401805869 0.5633062556702709 0.8064289501590668 
0.7799260364450681 0.7945823927765236 0.7739158731140106 0.40296062306251523 0.2054176072234763 0.4673024351943392 0.7945823927765236 0.5326975648056609 0.8067338282078474 
0.7743544899301107 0.7900677200902935 0.7734717664341885 0.39740335357085355 0.20993227990970656 0.4519447084253942 0.7900677200902935 0.5480552915746058 0.8048382820784731 
0.782762380403826 0.7968397291196389 0.776975282054289 0.4111140024673583 0.20316027088036118 0.46086411936354127 0.7968397291196389 0.5391358806364588 0.8054480381760339 
0.7825535215711854 0.7968397291196389 0.7791950567454827 0.415003400987972 0.20316027088036118 0.44957037599132493 0.7968397291196389 0.5504296240086751 0.8075954400848356 
0.7949177317123141 0.8058690744920993 0.7857807705069805 0.43839208067389246 0.19413092550790068 0.4520514710986741 0.8058690744920993 0.547948528901326 0.8090005302226936 
0.7825535215711854 0.7968397291196389 0.7791950567454827 0.415003400987972 0.20316027088036118 0.44957037599132493 0.7968397291196389 0.5504296240086751 0.8074761399787912 
0.782762380403826 0.7968397291196389 0.776975282054289 0.4111140024673583 0.20316027088036118 0.46086411936354127 0.7968397291196389 0.5391358806364588 0.8066542948038175 
0.7882001101489883 0.801354401805869 0.7841018332622497 0.42903855685007375 0.1986455981941309 0.4423406160158373 0.801354401805869 0.5576593839841627 0.8079135737009545 
0.7917203965697777 0.8036117381489842 0.783853636933175 0.4318810857626682 0.1963882618510158 0.45284291524336384 0.8036117381489842 0.547157084756636 0.8102730646871686 
0.7854181778255394 0.7990970654627539 0.7811113071254179 0.4210610067595687 0.20090293453724606 0.4487789318466352 0.7990970654627539 0.5512210681533649 0.809915164369035 
0.782762380403826 0.7968397291196389 0.776975282054289 0.4111140024673583 0.20316027088036118 0.46086411936354127 0.7968397291196389 0.5391358806364588 0.8105514316012726 
0.7882001101489883 0.801354401805869 0.7841018332622497 0.42903855685007375 0.1986455981941309 0.4423406160158373 0.801354401805869 0.5576593839841627 0.8103128313891835 
0.7799260364450681 0.7945823927765236 0.7739158731140106 0.40296062306251523 0.2054176072234763 0.4673024351943392 0.7945823927765236 0.5326975648056609 0.8115455991516437 
0.7769069329933825 0.7923250564334086 0.7742882802287157 0.40096824512587026 0.2076749435665914 0.45680013596681257 0.7923250564334086 0.5431998640331874 0.8119830328738069 
0.7710749838531277 0.7878103837471784 0.7670630723678128 0.3823720308595243 0.21218961625282168 0.4753236393145166 0.7878103837471784 0.5246763606854834 0.8115986214209968 
0.7711278231793436 0.7878103837471784 0.7682387631597564 0.3846228286943381 0.21218961625282168 0.4696767676284085 0.7878103837471784 0.5303232323715916 0.8109888653234357 
0.7769186821284767 0.7923250564334086 0.7720191772110507 0.39674301666344125 0.2076749435665914 0.468093879339029 0.7923250564334086 0.5319061206609711 0.8128048780487803 
0.7740312084746509 0.7900677200902935 0.7712736130636388 0.39282882483214493 0.20993227990970656 0.4632384517976105 0.7900677200902935 0.5367615482023895 0.8112539766702016 
0.7797790466073562 0.7945823927765236 0.7750703626770213 0.40491563497729677 0.2054176072234763 0.461655563508231 0.7945823927765236 0.538344436491769 0.810524920466596 
0.7740312084746509 0.7900677200902935 0.7712736130636388 0.39282882483214493 0.20993227990970656 0.4632384517976105 0.7900677200902935 0.5367615482023895 0.8107900318133616 
0.7739870756428983 0.7900677200902935 0.7701268541644284 0.39063170232122557 0.20993227990970656 0.46888532348371875 0.7900677200902935 0.5311146765162813 0.810949098621421 
0.7712603444155798 0.7878103837471784 0.7693815037119488 0.38693308926376846 0.21218961625282168 0.46402989594230026 0.7878103837471784 0.5359701040576997 0.8113467656415695 
0.776869746462098 0.7923250564334086 0.7731698533052935 0.3988218214536375 0.2076749435665914 0.46244700765292074 0.7923250564334086 0.5375529923470793 0.8118769883351007 
0.7712603444155798 0.7878103837471784 0.7693815037119488 0.38693308926376846 0.21218961625282168 0.46402989594230026 0.7878103837471784 0.5359701040576997 0.8119167550371156 
0.765385899896589 0.7832957110609481 0.7633076730142193 0.37042383593503875 0.21670428893905191 0.4769065276038961 0.7832957110609481 0.5230934723961038 0.8135604453870625 
0.7712603444155798 0.7878103837471784 0.7693815037119488 0.38693308926376846 0.21218961625282168 0.46402989594230026 0.7878103837471784 0.5359701040576997 0.8133351007423117 
0.7739870756428983 0.7900677200902935 0.7701268541644284 0.39063170232122557 0.20993227990970656 0.46888532348371875 0.7900677200902935 0.5311146765162813 0.8137327677624602 
0.7739870756428983 0.7900677200902935 0.7701268541644284 0.39063170232122557 0.20993227990970656 0.46888532348371875 0.7900677200902935 0.5311146765162813 0.8141039236479322 
0.7769186821284767 0.7923250564334086 0.7720191772110507 0.39674301666344125 0.2076749435665914 0.468093879339029 0.7923250564334086 0.5319061206609711 0.8134676564156946 
0.776869746462098 0.7923250564334086 0.7731698533052935 0.3988218214536375 0.2076749435665914 0.46244700765292074 0.7923250564334086 0.5375529923470793 0.813759278897137 
0.7739870756428983 0.7900677200902935 0.7701268541644284 0.39063170232122557 0.20993227990970656 0.46888532348371875 0.7900677200902935 0.5311146765162813 0.8115058324496288 
0.776869746462098 0.7923250564334086 0.7731698533052935 0.3988218214536375 0.2076749435665914 0.46244700765292074 0.7923250564334086 0.5375529923470793 0.8116781548250266 
0.7769186821284767 0.7923250564334086 0.7720191772110507 0.39674301666344125 0.2076749435665914 0.468093879339029 0.7923250564334086 0.5319061206609711 0.8127783669141039 
0.7769186821284767 0.7923250564334086 0.7720191772110507 0.39674301666344125 0.2076749435665914 0.468093879339029 0.7923250564334086 0.5319061206609711 0.8128579003181338 
0.7740288563827133 0.7900677200902935 0.7689469912044284 0.3885003917124388 0.20993227990970656 0.47453219516982686 0.7900677200902935 0.5254678048301731 0.8123409331919407 
0.776869746462098 0.7923250564334086 0.7731698533052935 0.3988218214536375 0.2076749435665914 0.46244700765292074 0.7923250564334086 0.5375529923470793 0.8122348886532345 
0.7740288563827133 0.7900677200902935 0.7689469912044284 0.3885003917124388 0.20993227990970656 0.47453219516982686 0.7900677200902935 0.5254678048301731 0.8126590668080593 
0.7769186821284767 0.7923250564334086 0.7720191772110507 0.39674301666344125 0.2076749435665914 0.468093879339029 0.7923250564334086 0.5319061206609711 0.8115455991516437 
0.7770602443288673 0.7923250564334086 0.7708352428679328 0.39473682252796083 0.2076749435665914 0.47374075102513713 0.7923250564334086 0.526259248974863 0.8124204665959703 
0.7739870756428983 0.7900677200902935 0.7701268541644284 0.39063170232122557 0.20993227990970656 0.46888532348371875 0.7900677200902935 0.5311146765162813 0.8117841993637328 
0.7769186821284767 0.7923250564334086 0.7720191772110507 0.39674301666344125 0.2076749435665914 0.468093879339029 0.7923250564334086 0.5319061206609711 0.8124204665959703 
0.7711278231793436 0.7878103837471784 0.7682387631597564 0.3846228286943381 0.21218961625282168 0.4696767676284085 0.7878103837471784 0.5303232323715916 0.8131760339342524 
0.7769186821284767 0.7923250564334086 0.7720191772110507 0.39674301666344125 0.2076749435665914 0.468093879339029 0.7923250564334086 0.5319061206609711 0.8127651113467655 
0.7739870756428983 0.7900677200902935 0.7701268541644284 0.39063170232122557 0.20993227990970656 0.46888532348371875 0.7900677200902935 0.5311146765162813 0.8128313891834571 
0.7769186821284767 0.7923250564334086 0.7720191772110507 0.39674301666344125 0.2076749435665914 0.468093879339029 0.7923250564334086 0.5319061206609711 0.8130965005302226 
0.7739870756428983 0.7900677200902935 0.7701268541644284 0.39063170232122557 0.20993227990970656 0.46888532348371875 0.7900677200902935 0.5311146765162813 0.8137062566277836 
0.7740288563827133 0.7900677200902935 0.7689469912044284 0.3885003917124388 0.20993227990970656 0.47453219516982686 0.7900677200902935 0.5254678048301731 0.8139713679745494 
0.776869746462098 0.7923250564334086 0.7731698533052935 0.3988218214536375 0.2076749435665914 0.46244700765292074 0.7923250564334086 0.5375529923470793 0.8141436903499469 
0.7770602443288673 0.7923250564334086 0.7708352428679328 0.39473682252796083 0.2076749435665914 0.47374075102513713 0.7923250564334086 0.526259248974863 0.8137990455991515 
0.7711278231793436 0.7878103837471784 0.7682387631597564 0.3846228286943381 0.21218961625282168 0.4696767676284085 0.7878103837471784 0.5303232323715916 0.814567868504772 
0.7681951046784402 0.7855530474040632 0.7651833456518355 0.3763477696651543 0.2144469525959368 0.47611508345920633 0.7855530474040632 0.5238849165407936 0.8147269353128314 
0.7711278231793436 0.7878103837471784 0.7682387631597564 0.3846228286943381 0.21218961625282168 0.4696767676284085 0.7878103837471784 0.5303232323715916 0.8146341463414634 
0.7740288563827133 0.7900677200902935 0.7689469912044284 0.3885003917124388 0.20993227990970656 0.47453219516982686 0.7900677200902935 0.5254678048301731 0.8139581124072112 
0.7681951046784402 0.7855530474040632 0.7651833456518355 0.3763477696651543 0.2144469525959368 0.47611508345920633 0.7855530474040632 0.5238849165407936 0.8143955461293743 
0.7740288563827133 0.7900677200902935 0.7689469912044284 0.3885003917124388 0.20993227990970656 0.47453219516982686 0.7900677200902935 0.5254678048301731 0.8147004241781548 
0.7740288563827133 0.7900677200902935 0.7689469912044284 0.3885003917124388 0.20993227990970656 0.47453219516982686 0.7900677200902935 0.5254678048301731 0.814475079533404 
0.7711077485343851 0.7878103837471784 0.7658534003215834 0.3801850698126503 0.21218961625282168 0.4809705110006248 0.7878103837471784 0.5190294889993753 0.8148860021208909 
0.7681316763203585 0.7855530474040632 0.7639781092948462 0.3740401603623622 0.2144469525959368 0.48176195514531456 0.7855530474040632 0.5182380448546855 0.8147004241781548 
0.7711077485343851 0.7878103837471784 0.7658534003215834 0.3801850698126503 0.21218961625282168 0.4809705110006248 0.7878103837471784 0.5190294889993753 0.8152306468716861 
0.7711278231793436 0.7878103837471784 0.7682387631597564 0.3846228286943381 0.21218961625282168 0.4696767676284085 0.7878103837471784 0.5303232323715916 0.8145546129374337 
0.7711278231793436 0.7878103837471784 0.7682387631597564 0.3846228286943381 0.21218961625282168 0.4696767676284085 0.7878103837471784 0.5303232323715916 0.8136797454931071 
0.7711278231793436 0.7878103837471784 0.7682387631597564 0.3846228286943381 0.21218961625282168 0.4696767676284085 0.7878103837471784 0.5303232323715916 0.8123806998939554 
0.7710749838531277 0.7878103837471784 0.7670630723678128 0.3823720308595243 0.21218961625282168 0.4753236393145166 0.7878103837471784 0.5246763606854834 0.8117709437963945 
0.776869746462098 0.7923250564334086 0.7731698533052935 0.3988218214536375 0.2076749435665914 0.46244700765292074 0.7923250564334086 0.5375529923470793 0.8128976670201484 
0.7739870756428983 0.7900677200902935 0.7701268541644284 0.39063170232122557 0.20993227990970656 0.46888532348371875 0.7900677200902935 0.5311146765162813 0.8135206786850477 
0.776869746462098 0.7923250564334086 0.7731698533052935 0.3988218214536375 0.2076749435665914 0.46244700765292074 0.7923250564334086 0.5375529923470793 0.8134544008483563 
0.7769186821284767 0.7923250564334086 0.7720191772110507 0.39674301666344125 0.2076749435665914 0.468093879339029 0.7923250564334086 0.5319061206609711 0.8146208907741251 
0.776869746462098 0.7923250564334086 0.7731698533052935 0.3988218214536375 0.2076749435665914 0.46244700765292074 0.7923250564334086 0.5375529923470793 0.8145811240721103 
0.782762380403826 0.7968397291196389 0.776975282054289 0.4111140024673583 0.20316027088036118 0.46086411936354127 0.7968397291196389 0.5391358806364588 0.814713679745493 
0.7853577529937256 0.7990970654627539 0.7821780175992209 0.4229995875003831 0.20090293453724606 0.44313206016052703 0.7990970654627539 0.5568679398394729 0.8148462354188758 
0.776869746462098 0.7923250564334086 0.7731698533052935 0.3988218214536375 0.2076749435665914 0.46244700765292074 0.7923250564334086 0.5375529923470793 0.8145413573700955 
0.776869746462098 0.7923250564334086 0.7731698533052935 0.3988218214536375 0.2076749435665914 0.46244700765292074 0.7923250564334086 0.5375529923470793 0.8138255567338281 
0.7797790466073562 0.7945823927765236 0.7750703626770213 0.40491563497729677 0.2054176072234763 0.461655563508231 0.7945823927765236 0.538344436491769 0.8138255567338281 
0.7797246931500952 0.7945823927765236 0.7761924600945284 0.4069449157958569 0.2054176072234763 0.45600869182212284 0.7945823927765236 0.5439913081778771 0.8141702014846235 
0.7797790466073562 0.7945823927765236 0.7750703626770213 0.40491563497729677 0.2054176072234763 0.461655563508231 0.7945823927765236 0.538344436491769 0.8142099681866384 
0.7825535215711854 0.7968397291196389 0.7791950567454827 0.415003400987972 0.20316027088036118 0.44957037599132493 0.7968397291196389 0.5504296240086751 0.8142497348886533 
0.7826116697448527 0.7968397291196389 0.7781009434508307 0.4130208142129367 0.20316027088036118 0.4552172476774331 0.7968397291196389 0.5447827523225669 0.8139316012725346 
0.7826116697448527 0.7968397291196389 0.7781009434508307 0.4130208142129367 0.20316027088036118 0.4552172476774331 0.7968397291196389 0.5447827523225669 0.8138388123011664 
