precision recall f1 MCC TP FP FN FP AUC 
0.7338232199563837 0.7607223476297968 0.7316276931410268 0.2831362626561608 0.23927765237020315 0.5412896859118754 0.7607223476297968 0.45871031408812474 0.7229851537645812 
0.7251924369173076 0.7516930022573364 0.7287900419954596 0.2710308866199436 0.24830699774266365 0.5275148474323098 0.7516930022573364 0.4724851525676902 0.7195254506892895 
0.7463538611203618 0.7697516930022573 0.7402825795129854 0.31067486129470107 0.23024830699774265 0.5324770376470082 0.7697516930022573 0.46752296235299196 0.7242311770943798 
0.7392352498561501 0.7629796839729119 0.7404658030888707 0.3049281063847982 0.23702031602708803 0.5122638833366446 0.7629796839729119 0.4877361166633553 0.722600742311771 
0.7498762010315594 0.7720090293453724 0.7463963122672171 0.32509224770470063 0.22799097065462753 0.5147449784439938 0.7720090293453724 0.48525502155600614 0.7246420996818664 
0.7461495480256928 0.7674943566591422 0.7479138855361768 0.3253067506165901 0.2325056433408578 0.4937403799889407 0.7674943566591422 0.5062596200110593 0.7255965005302227 
0.7528762099688979 0.7742663656884876 0.7482210108589151 0.3311957987138042 0.22573363431151242 0.5139535342993041 0.7742663656884876 0.4860464657006958 0.7240323435843055 
0.7472977653564562 0.7697516930022573 0.7459260301361863 0.3219780589514082 0.23024830699774265 0.5098895509025755 0.7697516930022573 0.49011044909742457 0.7285657476139978 
0.7466823394382098 0.7697516930022573 0.7431854310760935 0.3162533668133851 0.23024830699774265 0.5211832942747918 0.7697516930022573 0.47881670572520824 0.734968186638388 
0.7566111627495243 0.7765237020316027 0.7552963286266496 0.3477799043530118 0.2234762979683973 0.4905746034101817 0.7765237020316027 0.5094253965898183 0.7382820784729587 
0.7591353572840543 0.7787810383747178 0.7518822068662324 0.3437521207480682 0.22121896162528218 0.5123706460099247 0.7787810383747178 0.48762935399007534 0.7337486744432662 
0.7563373161956489 0.7765237020316027 0.7540403454756819 0.3451196976622093 0.2234762979683973 0.49622147509628983 0.7765237020316027 0.5037785249037101 0.7334172852598092 
0.7590700804995861 0.7787810383747178 0.7532565906417368 0.3461382306142233 0.22121896162528218 0.5067237743238164 0.7787810383747178 0.49327622567618357 0.7351139978791094 
0.7593875873024294 0.7787810383747178 0.7571508626813368 0.35363005925169044 0.22121896162528218 0.4897831592654919 0.7787810383747178 0.510216840734508 0.7385074231177094 
0.7712328224624767 0.7878103837471784 0.7646086688994995 0.3780668899946992 0.21218961625282168 0.48661738268673294 0.7878103837471784 0.5133826173132671 0.7389316012725344 
0.7652312855777784 0.7832957110609481 0.7621069675245746 0.3680010450556074 0.21670428893905191 0.4825533992900043 0.7832957110609481 0.5174466007099957 0.7376590668080594 
0.7712328224624767 0.7878103837471784 0.7646086688994995 0.3780668899946992 0.21218961625282168 0.48661738268673294 0.7878103837471784 0.5133826173132671 0.7413308589607637 
0.768337723799207 0.7855530474040632 0.7663547660327495 0.37871273386843307 0.2144469525959368 0.4704682117730982 0.7855530474040632 0.5295317882269018 0.7395148462354189 
0.7621368380434278 0.781038374717833 0.756440022672476 0.354774000741218 0.21896162528216703 0.5002854584930185 0.781038374717833 0.4997145415069815 0.7381760339342524 
0.7652312855777784 0.7832957110609481 0.7621069675245746 0.3680010450556074 0.21670428893905191 0.4825533992900043 0.7832957110609481 0.5174466007099957 0.7408934252386002 
0.7712328224624767 0.7878103837471784 0.7646086688994995 0.3780668899946992 0.21218961625282168 0.48661738268673294 0.7878103837471784 0.5133826173132671 0.7421659597030752 
0.7710749838531277 0.7878103837471784 0.7670630723678128 0.3823720308595243 0.21218961625282168 0.4753236393145166 0.7878103837471784 0.5246763606854834 0.739846235418876 
0.7741631588116524 0.7900677200902935 0.7677329811532134 0.386439867584754 0.20993227990970656 0.4801790668559351 0.7900677200902935 0.519820933144065 0.7377120890774125 
0.7769186821284767 0.7923250564334086 0.7720191772110507 0.39674301666344125 0.2076749435665914 0.468093879339029 0.7923250564334086 0.5319061206609711 0.7376325556733828 
0.7743974750552962 0.7900677200902935 0.7664837330777347 0.3844557537777354 0.20993227990970656 0.48582593854204315 0.7900677200902935 0.5141740614579567 0.7356177094379639 
0.7740288563827133 0.7900677200902935 0.7689469912044284 0.3885003917124388 0.20993227990970656 0.47453219516982686 0.7900677200902935 0.5254678048301731 0.7344644750795334 
0.7712328224624767 0.7878103837471784 0.7646086688994995 0.3780668899946992 0.21218961625282168 0.48661738268673294 0.7878103837471784 0.5133826173132671 0.739939024390244 
0.7740288563827133 0.7900677200902935 0.7689469912044284 0.3885003917124388 0.20993227990970656 0.47453219516982686 0.7900677200902935 0.5254678048301731 0.741264581124072 
0.7776516920916505 0.7923250564334086 0.7683633299902018 0.3909655263154807 0.2076749435665914 0.4850344943973534 0.7923250564334086 0.5149655056026465 0.7433457051961824 
0.7712328224624767 0.7878103837471784 0.7646086688994995 0.3780668899946992 0.21218961625282168 0.48661738268673294 0.7878103837471784 0.5133826173132671 0.7446182396606574 
0.7684805906402072 0.7855530474040632 0.7601486023065015 0.36750766931060697 0.2144469525959368 0.498702570203639 0.7855530474040632 0.5012974297963609 0.7458377518557794 
0.7711077485343851 0.7878103837471784 0.7658534003215834 0.3801850698126503 0.21218961625282168 0.4809705110006248 0.7878103837471784 0.5190294889993753 0.7475344644750795 
0.7622208535442538 0.781038374717833 0.7550990991971648 0.3524609135338418 0.21896162528216703 0.5059323301791266 0.781038374717833 0.4940676698208733 0.7471102863202546 
0.7712328224624767 0.7878103837471784 0.7646086688994995 0.3780668899946992 0.21218961625282168 0.48661738268673294 0.7878103837471784 0.5133826173132671 0.7450821845174972 
0.7682671565493621 0.7855530474040632 0.7614618778751053 0.3696148772594766 0.2144469525959368 0.4930556985175309 0.7855530474040632 0.5069443014824692 0.7424973488865323 
0.7711077485343851 0.7878103837471784 0.7658534003215834 0.3801850698126503 0.21218961625282168 0.4809705110006248 0.7878103837471784 0.5190294889993753 0.743279427359491 
0.7714578215609623 0.7878103837471784 0.7633277502073801 0.37602309441506154 0.21218961625282168 0.49226425437284105 0.7878103837471784 0.507735745627159 0.7451484623541887 
0.7711077485343851 0.7878103837471784 0.7658534003215834 0.3801850698126503 0.21218961625282168 0.4809705110006248 0.7878103837471784 0.5190294889993753 0.7448568398727464 
0.7652639510302741 0.7832957110609481 0.7582921704245584 0.3610806625146424 0.21670428893905191 0.4994940143483288 0.7832957110609481 0.5005059856516711 0.7467788971367973 
0.7711077485343851 0.7878103837471784 0.7658534003215834 0.3801850698126503 0.21218961625282168 0.4809705110006248 0.7878103837471784 0.5190294889993753 0.7472163308589608 
0.7654633916159724 0.7832957110609481 0.7569458352975338 0.35890608527104506 0.21670428893905191 0.5051408860344369 0.7832957110609481 0.49485911396556304 0.7476670201484622 
0.7770602443288673 0.7923250564334086 0.7708352428679328 0.39473682252796083 0.2076749435665914 0.47374075102513713 0.7923250564334086 0.526259248974863 0.7494830328738069 
0.7833707670228995 0.7968397291196389 0.7746253212867547 0.4075508495524233 0.20316027088036118 0.4721578627357576 0.7968397291196389 0.5278421372642425 0.7496023329798516 
0.7801728887353556 0.7945823927765236 0.7727279708058326 0.40108550547850413 0.2054176072234763 0.47294930688044734 0.7945823927765236 0.5270506931195527 0.7487274655355249 
0.7743974750552962 0.7900677200902935 0.7664837330777347 0.3844557537777354 0.20993227990970656 0.48582593854204315 0.7900677200902935 0.5141740614579567 0.7493372216330859 
0.7770602443288673 0.7923250564334086 0.7708352428679328 0.39473682252796083 0.2076749435665914 0.47374075102513713 0.7923250564334086 0.526259248974863 0.7480646871686109 
0.7773017947426881 0.7923250564334086 0.769616995093127 0.3928088697735612 0.2076749435665914 0.47938762271124524 0.7923250564334086 0.5206123772887548 0.747415164369035 
0.7770602443288673 0.7923250564334086 0.7708352428679328 0.39473682252796083 0.2076749435665914 0.47374075102513713 0.7923250564334086 0.526259248974863 0.7482370095440085 
0.7773017947426881 0.7923250564334086 0.769616995093127 0.3928088697735612 0.2076749435665914 0.47938762271124524 0.7923250564334086 0.5206123772887548 0.7487937433722165 
0.7799260364450681 0.7945823927765236 0.7739158731140106 0.40296062306251523 0.2054176072234763 0.4673024351943392 0.7945823927765236 0.5326975648056609 0.7523329798515378 
0.7776516920916505 0.7923250564334086 0.7683633299902018 0.3909655263154807 0.2076749435665914 0.4850344943973534 0.7923250564334086 0.5149655056026465 0.7547322375397667 
0.7741631588116524 0.7900677200902935 0.7677329811532134 0.386439867584754 0.20993227990970656 0.4801790668559351 0.7900677200902935 0.519820933144065 0.7540562036055144 
0.7747403277361607 0.7900677200902935 0.7651981054158383 0.3825544250873721 0.20993227990970656 0.4914728102281513 0.7900677200902935 0.5085271897718486 0.7536320254506893 
0.7741631588116524 0.7900677200902935 0.7677329811532134 0.386439867584754 0.20993227990970656 0.4801790668559351 0.7900677200902935 0.519820933144065 0.754228525980912 
0.7776516920916505 0.7923250564334086 0.7683633299902018 0.3909655263154807 0.2076749435665914 0.4850344943973534 0.7923250564334086 0.5149655056026465 0.7539236479321315 
0.7743974750552962 0.7900677200902935 0.7664837330777347 0.3844557537777354 0.20993227990970656 0.48582593854204315 0.7900677200902935 0.5141740614579567 0.7549045599151644 
0.7776516920916505 0.7923250564334086 0.7683633299902018 0.3909655263154807 0.2076749435665914 0.4850344943973534 0.7923250564334086 0.5149655056026465 0.7543345705196183 
0.7741631588116524 0.7900677200902935 0.7677329811532134 0.386439867584754 0.20993227990970656 0.4801790668559351 0.7900677200902935 0.519820933144065 0.7556468716861081 
0.7773017947426881 0.7923250564334086 0.769616995093127 0.3928088697735612 0.2076749435665914 0.47938762271124524 0.7923250564334086 0.5206123772887548 0.7555275715800637 
0.7741631588116524 0.7900677200902935 0.7677329811532134 0.386439867584754 0.20993227990970656 0.4801790668559351 0.7900677200902935 0.519820933144065 0.755593849416755 
0.7741631588116524 0.7900677200902935 0.7677329811532134 0.386439867584754 0.20993227990970656 0.4801790668559351 0.7900677200902935 0.519820933144065 0.756110816542948 
0.7741631588116524 0.7900677200902935 0.7677329811532134 0.386439867584754 0.20993227990970656 0.4801790668559351 0.7900677200902935 0.519820933144065 0.7551299045599152 
0.7712328224624767 0.7878103837471784 0.7646086688994995 0.3780668899946992 0.21218961625282168 0.48661738268673294 0.7878103837471784 0.5133826173132671 0.7546659597030753 
0.7741631588116524 0.7900677200902935 0.7677329811532134 0.386439867584754 0.20993227990970656 0.4801790668559351 0.7900677200902935 0.519820933144065 0.7555408271474019 
0.7741631588116524 0.7900677200902935 0.7677329811532134 0.386439867584754 0.20993227990970656 0.4801790668559351 0.7900677200902935 0.519820933144065 0.7558191940615058 
0.7741631588116524 0.7900677200902935 0.7677329811532134 0.386439867584754 0.20993227990970656 0.4801790668559351 0.7900677200902935 0.519820933144065 0.7553287380699893 
0.7712328224624767 0.7878103837471784 0.7646086688994995 0.3780668899946992 0.21218961625282168 0.48661738268673294 0.7878103837471784 0.5133826173132671 0.7565217391304347 
0.7741631588116524 0.7900677200902935 0.7677329811532134 0.386439867584754 0.20993227990970656 0.4801790668559351 0.7900677200902935 0.519820933144065 0.7541887592788972 
0.7741631588116524 0.7900677200902935 0.7677329811532134 0.386439867584754 0.20993227990970656 0.4801790668559351 0.7900677200902935 0.519820933144065 0.7535259809119831 
0.7741631588116524 0.7900677200902935 0.7677329811532134 0.386439867584754 0.20993227990970656 0.4801790668559351 0.7900677200902935 0.519820933144065 0.7531548250265112 
0.7712328224624767 0.7878103837471784 0.7646086688994995 0.3780668899946992 0.21218961625282168 0.48661738268673294 0.7878103837471784 0.5133826173132671 0.7541224814422058 
0.7712328224624767 0.7878103837471784 0.7646086688994995 0.3780668899946992 0.21218961625282168 0.48661738268673294 0.7878103837471784 0.5133826173132671 0.7553685047720042 
0.7712328224624767 0.7878103837471784 0.7646086688994995 0.3780668899946992 0.21218961625282168 0.48661738268673294 0.7878103837471784 0.5133826173132671 0.7566940615058324 
0.7741631588116524 0.7900677200902935 0.7677329811532134 0.386439867584754 0.20993227990970656 0.4801790668559351 0.7900677200902935 0.519820933144065 0.7574231177094379 
0.7741631588116524 0.7900677200902935 0.7677329811532134 0.386439867584754 0.20993227990970656 0.4801790668559351 0.7900677200902935 0.519820933144065 0.7578738069989396 
0.7770602443288673 0.7923250564334086 0.7708352428679328 0.39473682252796083 0.2076749435665914 0.47374075102513713 0.7923250564334086 0.526259248974863 0.759544008483563 
0.7770602443288673 0.7923250564334086 0.7708352428679328 0.39473682252796083 0.2076749435665914 0.47374075102513713 0.7923250564334086 0.526259248974863 0.7601007423117709 
0.7770602443288673 0.7923250564334086 0.7708352428679328 0.39473682252796083 0.2076749435665914 0.47374075102513713 0.7923250564334086 0.526259248974863 0.759530752916225 
0.7741631588116524 0.7900677200902935 0.7677329811532134 0.386439867584754 0.20993227990970656 0.4801790668559351 0.7900677200902935 0.519820933144065 0.7600344644750795 
0.7741631588116524 0.7900677200902935 0.7677329811532134 0.386439867584754 0.20993227990970656 0.4801790668559351 0.7900677200902935 0.519820933144065 0.7608297985153765 
0.7773017947426881 0.7923250564334086 0.769616995093127 0.3928088697735612 0.2076749435665914 0.47938762271124524 0.7923250564334086 0.5206123772887548 0.7608297985153765 
0.7801728887353556 0.7945823927765236 0.7727279708058326 0.40108550547850413 0.2054176072234763 0.47294930688044734 0.7945823927765236 0.5270506931195527 0.7617576882290562 
0.7773017947426881 0.7923250564334086 0.769616995093127 0.3928088697735612 0.2076749435665914 0.47938762271124524 0.7923250564334086 0.5206123772887548 0.7622083775185576 
0.7773017947426881 0.7923250564334086 0.769616995093127 0.3928088697735612 0.2076749435665914 0.47938762271124524 0.7923250564334086 0.5206123772887548 0.7619962884411453 
0.7743974750552962 0.7900677200902935 0.7664837330777347 0.3844557537777354 0.20993227990970656 0.48582593854204315 0.7900677200902935 0.5141740614579567 0.7617179215270413 
0.7773017947426881 0.7923250564334086 0.769616995093127 0.3928088697735612 0.2076749435665914 0.47938762271124524 0.7923250564334086 0.5206123772887548 0.7618372216330859 
0.7773017947426881 0.7923250564334086 0.769616995093127 0.3928088697735612 0.2076749435665914 0.47938762271124524 0.7923250564334086 0.5206123772887548 0.7615058324496289 
0.7773017947426881 0.7923250564334086 0.769616995093127 0.3928088697735612 0.2076749435665914 0.47938762271124524 0.7923250564334086 0.5206123772887548 0.7616118769883351 
0.7743974750552962 0.7900677200902935 0.7664837330777347 0.3844557537777354 0.20993227990970656 0.48582593854204315 0.7900677200902935 0.5141740614579567 0.7608695652173914 
0.7801728887353556 0.7945823927765236 0.7727279708058326 0.40108550547850413 0.2054176072234763 0.47294930688044734 0.7945823927765236 0.5270506931195527 0.7607104984093319 
0.7776516920916505 0.7923250564334086 0.7683633299902018 0.3909655263154807 0.2076749435665914 0.4850344943973534 0.7923250564334086 0.5149655056026465 0.7606177094379639 
0.7773017947426881 0.7923250564334086 0.769616995093127 0.3928088697735612 0.2076749435665914 0.47938762271124524 0.7923250564334086 0.5206123772887548 0.760763520678685 
0.7776516920916505 0.7923250564334086 0.7683633299902018 0.3909655263154807 0.2076749435665914 0.4850344943973534 0.7923250564334086 0.5149655056026465 0.7609358430540827 
0.7743974750552962 0.7900677200902935 0.7664837330777347 0.3844557537777354 0.20993227990970656 0.48582593854204315 0.7900677200902935 0.5141740614579567 0.7615190880169671 
0.7714578215609623 0.7878103837471784 0.7633277502073801 0.37602309441506154 0.21218961625282168 0.49226425437284105 0.7878103837471784 0.507735745627159 0.7624602332979852 
0.7743974750552962 0.7900677200902935 0.7664837330777347 0.3844557537777354 0.20993227990970656 0.48582593854204315 0.7900677200902935 0.5141740614579567 0.7627651113467656 
0.7714578215609623 0.7878103837471784 0.7633277502073801 0.37602309441506154 0.21218961625282168 0.49226425437284105 0.7878103837471784 0.507735745627159 0.7631230116648994 
0.7743974750552962 0.7900677200902935 0.7664837330777347 0.3844557537777354 0.20993227990970656 0.48582593854204315 0.7900677200902935 0.5141740614579567 0.7631230116648994 
0.7714578215609623 0.7878103837471784 0.7633277502073801 0.37602309441506154 0.21218961625282168 0.49226425437284105 0.7878103837471784 0.507735745627159 0.7636532343584306 
0.7743974750552962 0.7900677200902935 0.7664837330777347 0.3844557537777354 0.20993227990970656 0.48582593854204315 0.7900677200902935 0.5141740614579567 0.763533934252386 
0.7714578215609623 0.7878103837471784 0.7633277502073801 0.37602309441506154 0.21218961625282168 0.49226425437284105 0.7878103837471784 0.507735745627159 0.7633616118769884 
0.7743974750552962 0.7900677200902935 0.7664837330777347 0.3844557537777354 0.20993227990970656 0.48582593854204315 0.7900677200902935 0.5141740614579567 0.7643292682926829 
0.7743974750552962 0.7900677200902935 0.7664837330777347 0.3844557537777354 0.20993227990970656 0.48582593854204315 0.7900677200902935 0.5141740614579567 0.7639846235418876 
0.7801728887353556 0.7945823927765236 0.7727279708058326 0.40108550547850413 0.2054176072234763 0.47294930688044734 0.7945823927765236 0.5270506931195527 0.7640641569459173 
0.7801728887353556 0.7945823927765236 0.7727279708058326 0.40108550547850413 0.2054176072234763 0.47294930688044734 0.7945823927765236 0.5270506931195527 0.7645811240721103 
0.7801728887353556 0.7945823927765236 0.7727279708058326 0.40108550547850413 0.2054176072234763 0.47294930688044734 0.7945823927765236 0.5270506931195527 0.7649522799575821 
0.7773017947426881 0.7923250564334086 0.769616995093127 0.3928088697735612 0.2076749435665914 0.47938762271124524 0.7923250564334086 0.5206123772887548 0.765270413573701 
0.7773017947426881 0.7923250564334086 0.769616995093127 0.3928088697735612 0.2076749435665914 0.47938762271124524 0.7923250564334086 0.5206123772887548 0.7658006362672324 
0.7773017947426881 0.7923250564334086 0.769616995093127 0.3928088697735612 0.2076749435665914 0.47938762271124524 0.7923250564334086 0.5206123772887548 0.7664634146341464 
0.7773017947426881 0.7923250564334086 0.769616995093127 0.3928088697735612 0.2076749435665914 0.47938762271124524 0.7923250564334086 0.5206123772887548 0.7671129374337222 
