precision recall f1 MCC TP FP FN FP AUC 
0.7705288597542642 0.7855530474040632 0.7544985754433547 0.35994167784954273 0.2144469525959368 0.5212900569480717 0.7855530474040632 0.4787099430519283 0.7908934252386002 
0.7711278231793436 0.7878103837471784 0.7682387631597564 0.3846228286943381 0.21218961625282168 0.4696767676284085 0.7878103837471784 0.5303232323715916 0.7966065747613997 
0.7631034796249765 0.781038374717833 0.7508358988777849 0.345949133851226 0.21896162528216703 0.5228729452374512 0.781038374717833 0.47712705476254885 0.7866251325556732 
0.765385899896589 0.7832957110609481 0.7633076730142193 0.37042383593503875 0.21670428893905191 0.4769065276038961 0.7832957110609481 0.5230934723961038 0.791967126193001 
0.7624036740094965 0.781038374717833 0.7537189849125443 0.3502147657167101 0.21896162528216703 0.5115792018652349 0.781038374717833 0.48842079813476513 0.7925371155885472 
0.7681951046784402 0.7855530474040632 0.7651833456518355 0.3763477696651543 0.2144469525959368 0.47611508345920633 0.7855530474040632 0.5238849165407936 0.792855249204666 
0.7692431882021886 0.7855530474040632 0.7574056242227799 0.3635359582245227 0.2144469525959368 0.5099963135758554 0.7855530474040632 0.4900036864241446 0.7936903499469776 
0.7825816539815117 0.7968397291196389 0.7802585663664179 0.4170567694389142 0.20316027088036118 0.44392350430521677 0.7968397291196389 0.5560764956947832 0.7929878048780489 
0.7838455626223386 0.7968397291196389 0.7733989097730235 0.40590795821589976 0.20316027088036118 0.4778047344218658 0.7968397291196389 0.5221952655781342 0.7917948038176034 
0.7769069329933825 0.7923250564334086 0.7742882802287157 0.40096824512587026 0.2076749435665914 0.45680013596681257 0.7923250564334086 0.5431998640331874 0.7910127253446447 
0.7692431882021886 0.7855530474040632 0.7574056242227799 0.3635359582245227 0.2144469525959368 0.5099963135758554 0.7855530474040632 0.4900036864241446 0.7929082714740191 
0.7741631588116524 0.7900677200902935 0.7677329811532134 0.386439867584754 0.20993227990970656 0.4801790668559351 0.7900677200902935 0.519820933144065 0.7923780487804878 
0.7752014467979285 0.7900677200902935 0.7638749030604807 0.3807431288045698 0.20993227990970656 0.49711968191425954 0.7900677200902935 0.5028803180857405 0.7969777306468717 
0.7710749838531277 0.7878103837471784 0.7670630723678128 0.3823720308595243 0.21218961625282168 0.4753236393145166 0.7878103837471784 0.5246763606854834 0.8014713679745493 
0.7654633916159724 0.7832957110609481 0.7569458352975338 0.35890608527104506 0.21670428893905191 0.5051408860344369 0.7832957110609481 0.49485911396556304 0.803048780487805 
0.7740288563827133 0.7900677200902935 0.7689469912044284 0.3885003917124388 0.20993227990970656 0.47453219516982686 0.7900677200902935 0.5254678048301731 0.8087354188759279 
0.77179142594789 0.7878103837471784 0.7620094637288352 0.3740600497940219 0.21218961625282168 0.49791112605894927 0.7878103837471784 0.5020888739410506 0.8082979851537645 
0.7740288563827133 0.7900677200902935 0.7689469912044284 0.3885003917124388 0.20993227990970656 0.47453219516982686 0.7900677200902935 0.5254678048301731 0.8088679745493107 
0.7722435657911665 0.7878103837471784 0.7606525732766728 0.37218501260355147 0.21218961625282168 0.5035579977450574 0.7878103837471784 0.4964420022549425 0.8109093319194062 
0.768153428887949 0.7855530474040632 0.7627379915005944 0.37179422969100373 0.2144469525959368 0.48740882683142267 0.7855530474040632 0.5125911731685773 0.8101670201484622 
0.77179142594789 0.7878103837471784 0.7620094637288352 0.3740600497940219 0.21218961625282168 0.49791112605894927 0.7878103837471784 0.5020888739410506 0.8104188759278897 
0.7740288563827133 0.7900677200902935 0.7689469912044284 0.3885003917124388 0.20993227990970656 0.47453219516982686 0.7900677200902935 0.5254678048301731 0.8117576882290563 
0.7794537965350841 0.7923250564334086 0.7643780010963994 0.3860205147791636 0.2076749435665914 0.5019751094556779 0.7923250564334086 0.4980248905443221 0.8099681866383881 
0.7747403277361607 0.7900677200902935 0.7651981054158383 0.3825544250873721 0.20993227990970656 0.4914728102281513 0.7900677200902935 0.5085271897718486 0.810060975609756 
0.7774146682008679 0.7900677200902935 0.7596670264866525 0.37593828331576934 0.20993227990970656 0.514060296972584 0.7900677200902935 0.48593970302741596 0.8092788971367973 
0.7776516920916505 0.7923250564334086 0.7683633299902018 0.3909655263154807 0.2076749435665914 0.4850344943973534 0.7923250564334086 0.5149655056026465 0.806296394485684 
0.7657711396234654 0.7832957110609481 0.7555600748357508 0.3568074747763389 0.21670428893905191 0.5107877577205451 0.7832957110609481 0.48921224227945487 0.8088812301166491 
0.7712328224624767 0.7878103837471784 0.7646086688994995 0.3780668899946992 0.21218961625282168 0.48661738268673294 0.7878103837471784 0.5133826173132671 0.8078340402969247 
0.7592987134557642 0.7787810383747178 0.750467576394829 0.3414299369491263 0.22121896162528218 0.5180175176960328 0.7787810383747178 0.4819824823039672 0.8081521739130435 
0.7560065195374935 0.7765237020316027 0.7514181674698466 0.3399331242229593 0.2234762979683973 0.5075152184685062 0.7765237020316027 0.4924847815314938 0.8088944856839873 
0.7728256477412886 0.7878103837471784 0.7592557837289299 0.37040628102759593 0.21218961625282168 0.5092048694311656 0.7878103837471784 0.4907951305688344 0.8087221633085896 
0.7652312855777784 0.7832957110609481 0.7621069675245746 0.3680010450556074 0.21670428893905191 0.4825533992900043 0.7832957110609481 0.5174466007099957 0.8096367974549311 
0.7651552527399029 0.7832957110609481 0.7608715577752342 0.36563331709733976 0.21670428893905191 0.4882002709761124 0.7832957110609481 0.5117997290238876 0.8086823966065748 
0.7710749838531277 0.7878103837471784 0.7670630723678128 0.3823720308595243 0.21218961625282168 0.4753236393145166 0.7878103837471784 0.5246763606854834 0.8066145281018027 
0.7776516920916505 0.7923250564334086 0.7683633299902018 0.3909655263154807 0.2076749435665914 0.4850344943973534 0.7923250564334086 0.5149655056026465 0.8059650053022269 
0.7681316763203585 0.7855530474040632 0.7639781092948462 0.3740401603623622 0.2144469525959368 0.48176195514531456 0.7855530474040632 0.5182380448546855 0.8077942735949099 
0.7747403277361607 0.7900677200902935 0.7651981054158383 0.3825544250873721 0.20993227990970656 0.4914728102281513 0.7900677200902935 0.5085271897718486 0.8075954400848356 
0.7651638501822653 0.7832957110609481 0.7596003427058718 0.3633249102158371 0.21670428893905191 0.49384714266222063 0.7832957110609481 0.5061528573377795 0.809358430540827 
0.7714578215609623 0.7878103837471784 0.7633277502073801 0.37602309441506154 0.21218961625282168 0.49226425437284105 0.7878103837471784 0.507735745627159 0.8099019088016967 
0.7743974750552962 0.7900677200902935 0.7664837330777347 0.3844557537777354 0.20993227990970656 0.48582593854204315 0.7900677200902935 0.5141740614579567 0.808549840933192 
0.7714578215609623 0.7878103837471784 0.7633277502073801 0.37602309441506154 0.21218961625282168 0.49226425437284105 0.7878103837471784 0.507735745627159 0.8098886532343584 
0.7773017947426881 0.7923250564334086 0.769616995093127 0.3928088697735612 0.2076749435665914 0.47938762271124524 0.7923250564334086 0.5206123772887548 0.8111744432661719 
0.7776516920916505 0.7923250564334086 0.7683633299902018 0.3909655263154807 0.2076749435665914 0.4850344943973534 0.7923250564334086 0.5149655056026465 0.8115058324496288 
0.782762380403826 0.7968397291196389 0.776975282054289 0.4111140024673583 0.20316027088036118 0.46086411936354127 0.7968397291196389 0.5391358806364588 0.8099946977730645 
0.7773017947426881 0.7923250564334086 0.769616995093127 0.3928088697735612 0.2076749435665914 0.47938762271124524 0.7923250564334086 0.5206123772887548 0.810432131495228 
0.782762380403826 0.7968397291196389 0.776975282054289 0.4111140024673583 0.20316027088036118 0.46086411936354127 0.7968397291196389 0.5391358806364588 0.8108165429480382 
0.7776516920916505 0.7923250564334086 0.7683633299902018 0.3909655263154807 0.2076749435665914 0.4850344943973534 0.7923250564334086 0.5149655056026465 0.8128446447507953 
0.7711077485343851 0.7878103837471784 0.7658534003215834 0.3801850698126503 0.21218961625282168 0.4809705110006248 0.7878103837471784 0.5190294889993753 0.814713679745493 
0.7714578215609623 0.7878103837471784 0.7633277502073801 0.37602309441506154 0.21218961625282168 0.49226425437284105 0.7878103837471784 0.507735745627159 0.8149787910922589 
0.7681316763203585 0.7855530474040632 0.7639781092948462 0.3740401603623622 0.2144469525959368 0.48176195514531456 0.7855530474040632 0.5182380448546855 0.8145811240721103 
0.7652639510302741 0.7832957110609481 0.7582921704245584 0.3610806625146424 0.21670428893905191 0.4994940143483288 0.7832957110609481 0.5005059856516711 0.8160524920466596 
0.7681316763203585 0.7855530474040632 0.7639781092948462 0.3740401603623622 0.2144469525959368 0.48176195514531456 0.7855530474040632 0.5182380448546855 0.8163176033934252 
0.7651552527399029 0.7832957110609481 0.7608715577752342 0.36563331709733976 0.21670428893905191 0.4882002709761124 0.7832957110609481 0.5117997290238876 0.8176033934252386 
0.7711278231793436 0.7878103837471784 0.7682387631597564 0.3846228286943381 0.21218961625282168 0.4696767676284085 0.7878103837471784 0.5303232323715916 0.8182529162248144 
0.7711077485343851 0.7878103837471784 0.7658534003215834 0.3801850698126503 0.21218961625282168 0.4809705110006248 0.7878103837471784 0.5190294889993753 0.8185445387062567 
0.7710749838531277 0.7878103837471784 0.7670630723678128 0.3823720308595243 0.21218961625282168 0.4753236393145166 0.7878103837471784 0.5246763606854834 0.8190747613997879 
0.7681316763203585 0.7855530474040632 0.7639781092948462 0.3740401603623622 0.2144469525959368 0.48176195514531456 0.7855530474040632 0.5182380448546855 0.8208377518557795 
0.7710749838531277 0.7878103837471784 0.7670630723678128 0.3823720308595243 0.21218961625282168 0.4753236393145166 0.7878103837471784 0.5246763606854834 0.821566808059385 
0.7651552527399029 0.7832957110609481 0.7608715577752342 0.36563331709733976 0.21670428893905191 0.4882002709761124 0.7832957110609481 0.5117997290238876 0.8211028632025452 
0.7739870756428983 0.7900677200902935 0.7701268541644284 0.39063170232122557 0.20993227990970656 0.46888532348371875 0.7900677200902935 0.5311146765162813 0.8219777306468719 
0.7710749838531277 0.7878103837471784 0.7670630723678128 0.3823720308595243 0.21218961625282168 0.4753236393145166 0.7878103837471784 0.5246763606854834 0.821420996818664 
0.7740312084746509 0.7900677200902935 0.7712736130636388 0.39282882483214493 0.20993227990970656 0.4632384517976105 0.7900677200902935 0.5367615482023895 0.8217126193001061 
0.7740288563827133 0.7900677200902935 0.7689469912044284 0.3885003917124388 0.20993227990970656 0.47453219516982686 0.7900677200902935 0.5254678048301731 0.8227995758218452 
0.7797565808554352 0.7945823927765236 0.7772831415902145 0.4090434679455555 0.2054176072234763 0.45036182013601467 0.7945823927765236 0.5496381798639853 0.8229321314952279 
0.7854181778255394 0.7990970654627539 0.7811113071254179 0.4210610067595687 0.20090293453724606 0.4487789318466352 0.7990970654627539 0.5512210681533649 0.8230514316012727 
0.7825535215711854 0.7968397291196389 0.7791950567454827 0.415003400987972 0.20316027088036118 0.44957037599132493 0.7968397291196389 0.5504296240086751 0.8226139978791093 
0.7826116697448527 0.7968397291196389 0.7781009434508307 0.4130208142129367 0.20316027088036118 0.4552172476774331 0.7968397291196389 0.5447827523225669 0.8241781548250267 
0.7826116697448527 0.7968397291196389 0.7781009434508307 0.4130208142129367 0.20316027088036118 0.4552172476774331 0.7968397291196389 0.5447827523225669 0.8254904559915165 
0.782762380403826 0.7968397291196389 0.776975282054289 0.4111140024673583 0.20316027088036118 0.46086411936354127 0.7968397291196389 0.5391358806364588 0.826033934252386 
0.776869746462098 0.7923250564334086 0.7731698533052935 0.3988218214536375 0.2076749435665914 0.46244700765292074 0.7923250564334086 0.5375529923470793 0.8262990455991517 
0.7739870756428983 0.7900677200902935 0.7701268541644284 0.39063170232122557 0.20993227990970656 0.46888532348371875 0.7900677200902935 0.5311146765162813 0.8261134676564157 
0.7797246931500952 0.7945823927765236 0.7761924600945284 0.4069449157958569 0.2054176072234763 0.45600869182212284 0.7945823927765236 0.5439913081778771 0.8272534464475079 
0.7740288563827133 0.7900677200902935 0.7689469912044284 0.3885003917124388 0.20993227990970656 0.47453219516982686 0.7900677200902935 0.5254678048301731 0.826922057264051 
0.776869746462098 0.7923250564334086 0.7731698533052935 0.3988218214536375 0.2076749435665914 0.46244700765292074 0.7923250564334086 0.5375529923470793 0.8271341463414634 
0.7773017947426881 0.7923250564334086 0.769616995093127 0.3928088697735612 0.2076749435665914 0.47938762271124524 0.7923250564334086 0.5206123772887548 0.8275053022269352 
0.7858232165074228 0.7990970654627539 0.7788847550235926 0.4174208544125917 0.20090293453724606 0.4600726752188514 0.7990970654627539 0.5399273247811485 0.8286717921527041 
0.7801728887353556 0.7945823927765236 0.7727279708058326 0.40108550547850413 0.2054176072234763 0.47294930688044734 0.7945823927765236 0.5270506931195527 0.8299443266171792 
0.7799260364450681 0.7945823927765236 0.7739158731140106 0.40296062306251523 0.2054176072234763 0.4673024351943392 0.7945823927765236 0.5326975648056609 0.8300901378579002 
0.7770602443288673 0.7923250564334086 0.7708352428679328 0.39473682252796083 0.2076749435665914 0.47374075102513713 0.7923250564334086 0.526259248974863 0.8306468716861083 
0.7799260364450681 0.7945823927765236 0.7739158731140106 0.40296062306251523 0.2054176072234763 0.4673024351943392 0.7945823927765236 0.5326975648056609 0.8305143160127253 
0.7714578215609623 0.7878103837471784 0.7633277502073801 0.37602309441506154 0.21218961625282168 0.49226425437284105 0.7878103837471784 0.507735745627159 0.8291887592788971 
0.7830127401233496 0.7968397291196389 0.7758170854142818 0.40928857524327134 0.20316027088036118 0.46651099104964944 0.7968397291196389 0.5334890089503506 0.8299575821845174 
0.7773017947426881 0.7923250564334086 0.769616995093127 0.3928088697735612 0.2076749435665914 0.47938762271124524 0.7923250564334086 0.5206123772887548 0.8297985153764581 
0.7830127401233496 0.7968397291196389 0.7758170854142818 0.40928857524327134 0.20316027088036118 0.46651099104964944 0.7968397291196389 0.5334890089503506 0.8294936373276777 
0.7801728887353556 0.7945823927765236 0.7727279708058326 0.40108550547850413 0.2054176072234763 0.47294930688044734 0.7945823927765236 0.5270506931195527 0.8293080593849418 
0.7858232165074228 0.7990970654627539 0.7788847550235926 0.4174208544125917 0.20090293453724606 0.4600726752188514 0.7990970654627539 0.5399273247811485 0.8284994697773066 
0.7889652359178317 0.801354401805869 0.7807989279606311 0.4238403279585819 0.1986455981941309 0.4592812310741617 0.801354401805869 0.5407187689258383 0.8284729586426299 
0.7858232165074228 0.7990970654627539 0.7788847550235926 0.4174208544125917 0.20090293453724606 0.4600726752188514 0.7990970654627539 0.5399273247811485 0.8282343584305408 
0.7830127401233496 0.7968397291196389 0.7758170854142818 0.40928857524327134 0.20316027088036118 0.46651099104964944 0.7968397291196389 0.5334890089503506 0.8279957582184516 
0.7830127401233496 0.7968397291196389 0.7758170854142818 0.40928857524327134 0.20316027088036118 0.46651099104964944 0.7968397291196389 0.5334890089503506 0.8286055143160128 
0.7805277935612305 0.7945823927765236 0.7715055882803641 0.3992966302959941 0.2054176072234763 0.4785961785665555 0.7945823927765236 0.5214038214334444 0.8282211028632025 
0.7861826186590588 0.7990970654627539 0.7777229604584516 0.4157311433722543 0.20090293453724606 0.4657195469049597 0.7990970654627539 0.5342804530950404 0.8280487804878047 
0.7861826186590588 0.7990970654627539 0.7777229604584516 0.4157311433722543 0.20090293453724606 0.4657195469049597 0.7990970654627539 0.5342804530950404 0.8283271474019087 
0.7861826186590588 0.7990970654627539 0.7777229604584516 0.4157311433722543 0.20090293453724606 0.4657195469049597 0.7990970654627539 0.5342804530950404 0.82716065747614 
0.7776516920916505 0.7923250564334086 0.7683633299902018 0.3909655263154807 0.2076749435665914 0.4850344943973534 0.7923250564334086 0.5149655056026465 0.8267099681866383 
0.7776516920916505 0.7923250564334086 0.7683633299902018 0.3909655263154807 0.2076749435665914 0.4850344943973534 0.7923250564334086 0.5149655056026465 0.826458112407211 
0.7747403277361607 0.7900677200902935 0.7651981054158383 0.3825544250873721 0.20993227990970656 0.4914728102281513 0.7900677200902935 0.5085271897718486 0.8264316012725343 
0.7833707670228995 0.7968397291196389 0.7746253212867547 0.4075508495524233 0.20316027088036118 0.4721578627357576 0.7968397291196389 0.5278421372642425 0.8265376458112408 
0.7747403277361607 0.7900677200902935 0.7651981054158383 0.3825544250873721 0.20993227990970656 0.4914728102281513 0.7900677200902935 0.5085271897718486 0.826272534464475 
0.7833707670228995 0.7968397291196389 0.7746253212867547 0.4075508495524233 0.20316027088036118 0.4721578627357576 0.7968397291196389 0.5278421372642425 0.826643690349947 
0.7776516920916505 0.7923250564334086 0.7683633299902018 0.3909655263154807 0.2076749435665914 0.4850344943973534 0.7923250564334086 0.5149655056026465 0.8270281018027572 
0.7801728887353556 0.7945823927765236 0.7727279708058326 0.40108550547850413 0.2054176072234763 0.47294930688044734 0.7945823927765236 0.5270506931195527 0.8265111346765641 
0.7801728887353556 0.7945823927765236 0.7727279708058326 0.40108550547850413 0.2054176072234763 0.47294930688044734 0.7945823927765236 0.5270506931195527 0.8262062566277837 
0.7801728887353556 0.7945823927765236 0.7727279708058326 0.40108550547850413 0.2054176072234763 0.47294930688044734 0.7945823927765236 0.5270506931195527 0.8261134676564157 
0.7773017947426881 0.7923250564334086 0.769616995093127 0.3928088697735612 0.2076749435665914 0.47938762271124524 0.7923250564334086 0.5206123772887548 0.8265641569459173 
0.7801728887353556 0.7945823927765236 0.7727279708058326 0.40108550547850413 0.2054176072234763 0.47294930688044734 0.7945823927765236 0.5270506931195527 0.8260206786850477 
0.7773017947426881 0.7923250564334086 0.769616995093127 0.3928088697735612 0.2076749435665914 0.47938762271124524 0.7923250564334086 0.5206123772887548 0.8262062566277837 
0.7830127401233496 0.7968397291196389 0.7758170854142818 0.40928857524327134 0.20316027088036118 0.46651099104964944 0.7968397291196389 0.5334890089503506 0.825888123011665 
0.7866581120671646 0.7990970654627539 0.7765274434829934 0.41413750681425276 0.20090293453724606 0.47136641859106787 0.7990970654627539 0.5286335814089321 0.8261134676564157 
0.789439739303111 0.801354401805869 0.7796336474803824 0.4222928293312853 0.1986455981941309 0.46492810276026997 0.801354401805869 0.5350718972397301 0.8260869565217391 
