precision recall f1 MCC TP FP FN FP AUC 
0.7710749838531277 0.7878103837471784 0.7670630723678128 0.3823720308595243 0.21218961625282168 0.4753236393145166 0.7878103837471784 0.5246763606854834 0.7954798515376457 
0.770597755657715 0.7855530474040632 0.7727272765069797 0.393920436163904 0.2144469525959368 0.4365869816564492 0.7855530474040632 0.5634130183435508 0.8027571580063627 
0.7560065195374935 0.7765237020316027 0.7514181674698466 0.3399331242229593 0.2234762979683973 0.5075152184685062 0.7765237020316027 0.4924847815314938 0.8025715800636267 
0.7666920899352532 0.7832957110609481 0.7677838421555936 0.38059671653742405 0.21670428893905191 0.4543190408594634 0.7832957110609481 0.5456809591405366 0.8130699893955461 
0.7561339690405426 0.7765237020316027 0.7527480121953561 0.3425029539035034 0.2234762979683973 0.501868346782398 0.7765237020316027 0.49813165321760194 0.8103658536585366 
0.755903460784488 0.7742663656884876 0.7581081689120769 0.3534221907213101 0.22573363431151242 0.4687785608104388 0.7742663656884876 0.5312214391895613 0.8091065747613998 
0.7569507544483186 0.7765237020316027 0.7565170719709704 0.35048055194100924 0.2234762979683973 0.48492773172407355 0.7765237020316027 0.5150722682759264 0.8132820784729586 
0.7642460758265205 0.781038374717833 0.7658951210571696 0.3751575000541181 0.21896162528216703 0.45511048500415324 0.781038374717833 0.5448895149958468 0.8110418875927888 
0.7508191917850661 0.7720090293453724 0.7503528201140566 0.33349597169694056 0.22799097065462753 0.49780436338566936 0.7720090293453724 0.5021956366143306 0.8110816542948037 
0.7647881182023395 0.781038374717833 0.7669333102816819 0.3778931345008311 0.21896162528216703 0.4494636133180451 0.781038374717833 0.5505363866819549 0.8115588547189819 
0.7711278231793436 0.7878103837471784 0.7682387631597564 0.3846228286943381 0.21218961625282168 0.4696767676284085 0.7878103837471784 0.5303232323715916 0.8095970307529163 
0.7633254021515874 0.781038374717833 0.763728616603401 0.3697963776210514 0.21896162528216703 0.46640422837636947 0.781038374717833 0.5335957716236305 0.8099681866383881 
0.7622344962580037 0.781038374717833 0.759009227385264 0.35957992901228575 0.21896162528216703 0.48899171512080214 0.781038374717833 0.5110082848791978 0.8102200424178156 
0.7656137558377766 0.7832957110609481 0.7644747271951815 0.37289793340166655 0.21670428893905191 0.471259655917788 0.7832957110609481 0.5287403440822122 0.8130965005302226 
0.7681951046784402 0.7855530474040632 0.7651833456518355 0.3763477696651543 0.2144469525959368 0.47611508345920633 0.7855530474040632 0.5238849165407936 0.816450159066808 
0.7578108582623255 0.7765237020316027 0.7588570416880069 0.3559928896461502 0.2234762979683973 0.4736339883518572 0.7765237020316027 0.5263660116481428 0.8200424178154825 
0.765385899896589 0.7832957110609481 0.7633076730142193 0.37042383593503875 0.21670428893905191 0.4769065276038961 0.7832957110609481 0.5230934723961038 0.8225344644750796 
0.7712603444155798 0.7878103837471784 0.7693815037119488 0.38693308926376846 0.21218961625282168 0.46402989594230026 0.7878103837471784 0.5359701040576997 0.8231442205726406 
0.768153428887949 0.7855530474040632 0.7627379915005944 0.37179422969100373 0.2144469525959368 0.48740882683142267 0.7855530474040632 0.5125911731685773 0.8211293743372216 
0.768337723799207 0.7855530474040632 0.7663547660327495 0.37871273386843307 0.2144469525959368 0.4704682117730982 0.7855530474040632 0.5295317882269018 0.8214740190880171 
0.7773017947426881 0.7923250564334086 0.769616995093127 0.3928088697735612 0.2076749435665914 0.47938762271124524 0.7923250564334086 0.5206123772887548 0.8232104984093319 
0.7685542365788544 0.7855530474040632 0.767493389572202 0.3811312288359004 0.2144469525959368 0.46482134008699 0.7855530474040632 0.5351786599130101 0.8186903499469778 
0.7740288563827133 0.7900677200902935 0.7689469912044284 0.3885003917124388 0.20993227990970656 0.47453219516982686 0.7900677200902935 0.5254678048301731 0.8163706256627783 
0.768337723799207 0.7855530474040632 0.7663547660327495 0.37871273386843307 0.2144469525959368 0.4704682117730982 0.7855530474040632 0.5295317882269018 0.8214077412513255 
0.7711077485343851 0.7878103837471784 0.7658534003215834 0.3801850698126503 0.21218961625282168 0.4809705110006248 0.7878103837471784 0.5190294889993753 0.8198966065747613 
0.7712603444155798 0.7878103837471784 0.7693815037119488 0.38693308926376846 0.21218961625282168 0.46402989594230026 0.7878103837471784 0.5359701040576997 0.8192868504772003 
0.7711077485343851 0.7878103837471784 0.7658534003215834 0.3801850698126503 0.21218961625282168 0.4809705110006248 0.7878103837471784 0.5190294889993753 0.8208510074231177 
0.7656137558377766 0.7832957110609481 0.7644747271951815 0.37289793340166655 0.21670428893905191 0.471259655917788 0.7832957110609481 0.5287403440822122 0.8220572640509015 
0.7799260364450681 0.7945823927765236 0.7739158731140106 0.40296062306251523 0.2054176072234763 0.4673024351943392 0.7945823927765236 0.5326975648056609 0.8191410392364793 
0.7797246931500952 0.7945823927765236 0.7761924600945284 0.4069449157958569 0.2054176072234763 0.45600869182212284 0.7945823927765236 0.5439913081778771 0.8193398727465534 
0.7830127401233496 0.7968397291196389 0.7758170854142818 0.40928857524327134 0.20316027088036118 0.46651099104964944 0.7968397291196389 0.5334890089503506 0.8179347826086957 
0.7770244780170876 0.7923250564334086 0.7753754233967828 0.4031778520064143 0.2076749435665914 0.4511532642807044 0.7923250564334086 0.5488467357192957 0.8189952279957582 
0.7769186821284767 0.7923250564334086 0.7720191772110507 0.39674301666344125 0.2076749435665914 0.468093879339029 0.7923250564334086 0.5319061206609711 0.8185445387062567 
0.7659101260882392 0.7832957110609481 0.7656091374575124 0.3754200171414145 0.21670428893905191 0.46561278423167973 0.7832957110609481 0.5343872157683203 0.8205991516436903 
0.7830127401233496 0.7968397291196389 0.7758170854142818 0.40928857524327134 0.20316027088036118 0.46651099104964944 0.7968397291196389 0.5334890089503506 0.8188626723223754 
0.7711278231793436 0.7878103837471784 0.7682387631597564 0.3846228286943381 0.21218961625282168 0.4696767676284085 0.7878103837471784 0.5303232323715916 0.8193663838812302 
0.7681316763203585 0.7855530474040632 0.7639781092948462 0.3740401603623622 0.2144469525959368 0.48176195514531456 0.7855530474040632 0.5182380448546855 0.82021474019088 
0.7769069329933825 0.7923250564334086 0.7742882802287157 0.40096824512587026 0.2076749435665914 0.45680013596681257 0.7923250564334086 0.5431998640331874 0.8201617179215269 
0.7830127401233496 0.7968397291196389 0.7758170854142818 0.40928857524327134 0.20316027088036118 0.46651099104964944 0.7968397291196389 0.5334890089503506 0.8197110286320255 
0.7797246931500952 0.7945823927765236 0.7761924600945284 0.4069449157958569 0.2054176072234763 0.45600869182212284 0.7945823927765236 0.5439913081778771 0.8197773064687168 
0.7741631588116524 0.7900677200902935 0.7677329811532134 0.386439867584754 0.20993227990970656 0.4801790668559351 0.7900677200902935 0.519820933144065 0.8177359490986215 
0.782762380403826 0.7968397291196389 0.776975282054289 0.4111140024673583 0.20316027088036118 0.46086411936354127 0.7968397291196389 0.5391358806364588 0.8183324496288441 
0.7682671565493621 0.7855530474040632 0.7614618778751053 0.3696148772594766 0.2144469525959368 0.4930556985175309 0.7855530474040632 0.5069443014824692 0.8172057264050901 
0.7825535215711854 0.7968397291196389 0.7791950567454827 0.415003400987972 0.20316027088036118 0.44957037599132493 0.7968397291196389 0.5504296240086751 0.8183059384941676 
0.7770602443288673 0.7923250564334086 0.7708352428679328 0.39473682252796083 0.2076749435665914 0.47374075102513713 0.7923250564334086 0.526259248974863 0.8178950159066808 
0.7711278231793436 0.7878103837471784 0.7682387631597564 0.3846228286943381 0.21218961625282168 0.4696767676284085 0.7878103837471784 0.5303232323715916 0.8167020148462355 
0.7838455626223386 0.7968397291196389 0.7733989097730235 0.40590795821589976 0.20316027088036118 0.4778047344218658 0.7968397291196389 0.5221952655781342 0.816874337221633 
0.7797246931500952 0.7945823927765236 0.7761924600945284 0.4069449157958569 0.2054176072234763 0.45600869182212284 0.7945823927765236 0.5439913081778771 0.8188096500530223 
0.7833707670228995 0.7968397291196389 0.7746253212867547 0.4075508495524233 0.20316027088036118 0.4721578627357576 0.7968397291196389 0.5278421372642425 0.818279427359491 
0.7913629885362723 0.8036117381489842 0.7849573797022071 0.4334835002894392 0.1963882618510158 0.4471960435572556 0.8036117381489842 0.5528039564427444 0.8177889713679746 
0.7805277935612305 0.7945823927765236 0.7715055882803641 0.3992966302959941 0.2054176072234763 0.4785961785665555 0.7945823927765236 0.5214038214334444 0.8181071049840932 
0.7769186821284767 0.7923250564334086 0.7720191772110507 0.39674301666344125 0.2076749435665914 0.468093879339029 0.7923250564334086 0.5319061206609711 0.8188494167550371 
0.7861826186590588 0.7990970654627539 0.7777229604584516 0.4157311433722543 0.20090293453724606 0.4657195469049597 0.7990970654627539 0.5342804530950404 0.8190084835630965 
0.7917203965697777 0.8036117381489842 0.783853636933175 0.4318810857626682 0.1963882618510158 0.45284291524336384 0.8036117381489842 0.547157084756636 0.8182264050901378 
0.7833707670228995 0.7968397291196389 0.7746253212867547 0.4075508495524233 0.20316027088036118 0.4721578627357576 0.7968397291196389 0.5278421372642425 0.8174708377518557 
0.788606078679175 0.801354401805869 0.7819313868975268 0.42548498827127523 0.1986455981941309 0.4536343593880536 0.801354401805869 0.5463656406119465 0.8174973488865322 
0.788606078679175 0.801354401805869 0.7819313868975268 0.42548498827127523 0.1986455981941309 0.4536343593880536 0.801354401805869 0.5463656406119465 0.8172985153764581 
0.788606078679175 0.801354401805869 0.7819313868975268 0.42548498827127523 0.1986455981941309 0.4536343593880536 0.801354401805869 0.5463656406119465 0.8176033934252386 
0.7949177317123141 0.8058690744920993 0.7857807705069805 0.43839208067389246 0.19413092550790068 0.4520514710986741 0.8058690744920993 0.547948528901326 0.8172189819724284 
0.7944497769545242 0.8058690744920993 0.7868874917407648 0.43985597407519217 0.19413092550790068 0.4464045994125659 0.8058690744920993 0.5535954005874341 0.8183059384941676 
0.7889652359178317 0.801354401805869 0.7807989279606311 0.4238403279585819 0.1986455981941309 0.4592812310741617 0.801354401805869 0.5407187689258383 0.8180275715800637 
0.788606078679175 0.801354401805869 0.7819313868975268 0.42548498827127523 0.1986455981941309 0.4536343593880536 0.801354401805869 0.5463656406119465 0.8179082714740191 
0.7866581120671646 0.7990970654627539 0.7765274434829934 0.41413750681425276 0.20090293453724606 0.47136641859106787 0.7990970654627539 0.5286335814089321 0.8174045599151644 
0.7917203965697777 0.8036117381489842 0.783853636933175 0.4318810857626682 0.1963882618510158 0.45284291524336384 0.8036117381489842 0.547157084756636 0.8178950159066808 
0.7866581120671646 0.7990970654627539 0.7765274434829934 0.41413750681425276 0.20090293453724606 0.47136641859106787 0.7990970654627539 0.5286335814089321 0.8168875927889714 
0.7858232165074228 0.7990970654627539 0.7788847550235926 0.4174208544125917 0.20090293453724606 0.4600726752188514 0.7990970654627539 0.5399273247811485 0.8176431601272536 
0.7805277935612305 0.7945823927765236 0.7715055882803641 0.3992966302959941 0.2054176072234763 0.4785961785665555 0.7945823927765236 0.5214038214334444 0.8176431601272536 
0.7830127401233496 0.7968397291196389 0.7758170854142818 0.40928857524327134 0.20316027088036118 0.46651099104964944 0.7968397291196389 0.5334890089503506 0.8174708377518557 
0.7838455626223386 0.7968397291196389 0.7733989097730235 0.40590795821589976 0.20316027088036118 0.4778047344218658 0.7968397291196389 0.5221952655781342 0.8180143160127253 
0.7917203965697777 0.8036117381489842 0.783853636933175 0.4318810857626682 0.1963882618510158 0.45284291524336384 0.8036117381489842 0.547157084756636 0.819353128313892 
0.789439739303111 0.801354401805869 0.7796336474803824 0.4222928293312853 0.1986455981941309 0.46492810276026997 0.801354401805869 0.5350718972397301 0.8189289501590669 
0.7917203965697777 0.8036117381489842 0.783853636933175 0.4318810857626682 0.1963882618510158 0.45284291524336384 0.8036117381489842 0.547157084756636 0.8187698833510075 
0.7917203965697777 0.8036117381489842 0.783853636933175 0.4318810857626682 0.1963882618510158 0.45284291524336384 0.8036117381489842 0.547157084756636 0.8195254506892895 
0.7913629885362723 0.8036117381489842 0.7849573797022071 0.4334835002894392 0.1963882618510158 0.4471960435572556 0.8036117381489842 0.5528039564427444 0.8184517497348887 
0.7861826186590588 0.7990970654627539 0.7777229604584516 0.4157311433722543 0.20090293453724606 0.4657195469049597 0.7990970654627539 0.5342804530950404 0.8185710498409332 
0.7889652359178317 0.801354401805869 0.7807989279606311 0.4238403279585819 0.1986455981941309 0.4592812310741617 0.801354401805869 0.5407187689258383 0.8186240721102863 
0.789439739303111 0.801354401805869 0.7796336474803824 0.4222928293312853 0.1986455981941309 0.46492810276026997 0.801354401805869 0.5350718972397301 0.818889183457052 
0.792192348582762 0.8036117381489842 0.7827179501110706 0.43037678126600454 0.1963882618510158 0.45848978692947195 0.8036117381489842 0.541510213070528 0.8197375397667022 
0.7866581120671646 0.7990970654627539 0.7765274434829934 0.41413750681425276 0.20090293453724606 0.47136641859106787 0.7990970654627539 0.5286335814089321 0.8191410392364793 
0.7949177317123141 0.8058690744920993 0.7857807705069805 0.43839208067389246 0.19413092550790068 0.4520514710986741 0.8058690744920993 0.547948528901326 0.8187433722163309 
0.7955087115833225 0.8058690744920993 0.7846419736740101 0.4370348091101474 0.19413092550790068 0.4576983427847822 0.8058690744920993 0.5423016572152177 0.8193796394485685 
0.7949177317123141 0.8058690744920993 0.7857807705069805 0.43839208067389246 0.19413092550790068 0.4520514710986741 0.8058690744920993 0.547948528901326 0.8190615058324496 
0.7866581120671646 0.7990970654627539 0.7765274434829934 0.41413750681425276 0.20090293453724606 0.47136641859106787 0.7990970654627539 0.5286335814089321 0.8178154825026511 
0.789439739303111 0.801354401805869 0.7796336474803824 0.4222928293312853 0.1986455981941309 0.46492810276026997 0.801354401805869 0.5350718972397301 0.817576882290562 
0.7900394331530267 0.801354401805869 0.7784344895558452 0.4208503901163189 0.1986455981941309 0.4705749744463781 0.801354401805869 0.5294250255536219 0.8180408271474019 
0.789439739303111 0.801354401805869 0.7796336474803824 0.4222928293312853 0.1986455981941309 0.46492810276026997 0.801354401805869 0.5350718972397301 0.8178419936373277 
0.7872598019280678 0.7990970654627539 0.775297111634512 0.4126479366409023 0.20090293453724606 0.47701329027717604 0.7990970654627539 0.5229867097228239 0.818001060445387 
0.789439739303111 0.801354401805869 0.7796336474803824 0.4222928293312853 0.1986455981941309 0.46492810276026997 0.801354401805869 0.5350718972397301 0.8186903499469778 
0.7866581120671646 0.7990970654627539 0.7765274434829934 0.41413750681425276 0.20090293453724606 0.47136641859106787 0.7990970654627539 0.5286335814089321 0.8188759278897136 
0.7833707670228995 0.7968397291196389 0.7746253212867547 0.4075508495524233 0.20316027088036118 0.4721578627357576 0.7968397291196389 0.5278421372642425 0.8181601272534463 
0.77179142594789 0.7878103837471784 0.7620094637288352 0.3740600497940219 0.21218961625282168 0.49791112605894927 0.7878103837471784 0.5020888739410506 0.8186638388123013 
0.7833707670228995 0.7968397291196389 0.7746253212867547 0.4075508495524233 0.20316027088036118 0.4721578627357576 0.7968397291196389 0.5278421372642425 0.8199496288441144 
0.7816003331921445 0.7945823927765236 0.7689528621344488 0.39600731034849956 0.2054176072234763 0.48988992193877184 0.7945823927765236 0.5101100780612281 0.8198170731707317 
0.7810000648321143 0.7945823927765236 0.770247608525175 0.3976011808641372 0.2054176072234763 0.4842430502526637 0.7945823927765236 0.5157569497473363 0.8194724284199364 
0.7781194602798076 0.7923250564334086 0.7670730921601364 0.38921401431699876 0.2076749435665914 0.4906813660834616 0.7923250564334086 0.5093186339165384 0.8208775185577941 
0.7805277935612305 0.7945823927765236 0.7715055882803641 0.3992966302959941 0.2054176072234763 0.4785961785665555 0.7945823927765236 0.5214038214334444 0.8212221633085897 
0.7787159919588675 0.7923250564334086 0.7657450717175945 0.3875625504307641 0.2076749435665914 0.4963282377695698 0.7923250564334086 0.5036717622304302 0.821420996818664 
0.7866581120671646 0.7990970654627539 0.7765274434829934 0.41413750681425276 0.20090293453724606 0.47136641859106787 0.7990970654627539 0.5286335814089321 0.8228393425238602 
0.79166084429427 0.801354401805869 0.7759300685994382 0.4183176260851892 0.1986455981941309 0.48186871781859436 0.801354401805869 0.5181312821814056 0.8225079533404029 
0.7907755289436431 0.801354401805869 0.7772003490227393 0.4195219433629523 0.1986455981941309 0.4762218461324863 0.801354401805869 0.5237781538675138 0.8228525980911983 
0.79166084429427 0.801354401805869 0.7759300685994382 0.4183176260851892 0.1986455981941309 0.48186871781859436 0.801354401805869 0.5181312821814056 0.8215933191940615 
0.7971035632755608 0.8058690744920993 0.7822639774540405 0.43467590788592914 0.19413092550790068 0.46899208615699856 0.8058690744920993 0.5310079138430014 0.8215402969247084 
0.7943981059805766 0.8036117381489842 0.7791087802823852 0.4265356734363591 0.1963882618510158 0.4754304019877965 0.8036117381489842 0.5245695980122035 0.8209305408271473 
0.7866581120671646 0.7990970654627539 0.7765274434829934 0.41413750681425276 0.20090293453724606 0.47136641859106787 0.7990970654627539 0.5286335814089321 0.8205063626723224 
0.7907755289436431 0.801354401805869 0.7772003490227393 0.4195219433629523 0.1986455981941309 0.4762218461324863 0.801354401805869 0.5237781538675138 0.8201484623541887 
0.7900394331530267 0.801354401805869 0.7784344895558452 0.4208503901163189 0.1986455981941309 0.4705749744463781 0.801354401805869 0.5294250255536219 0.8196049840933192 
0.7907755289436431 0.801354401805869 0.7772003490227393 0.4195219433629523 0.1986455981941309 0.4762218461324863 0.801354401805869 0.5237781538675138 0.8194591728525982 
0.7872598019280678 0.7990970654627539 0.775297111634512 0.4126479366409023 0.20090293453724606 0.47701329027717604 0.7990970654627539 0.5229867097228239 0.8198966065747613 
0.7872598019280678 0.7990970654627539 0.775297111634512 0.4126479366409023 0.20090293453724606 0.47701329027717604 0.7990970654627539 0.5229867097228239 0.8198170731707317 
0.7872598019280678 0.7990970654627539 0.775297111634512 0.4126479366409023 0.20090293453724606 0.47701329027717604 0.7990970654627539 0.5229867097228239 0.8198833510074232 
