precision recall f1 MCC TP FP FN FP AUC 
0.7532502611509384 0.7742663656884876 0.7509078726825356 0.33652981166671875 0.22573363431151242 0.5026597909270878 0.7742663656884876 0.4973402090729122 0.7757158006362672 
0.7612977753598708 0.7787810383747178 0.7629460055338351 0.36700945362936704 0.22121896162528218 0.46154880083495115 0.7787810383747178 0.5384511991650489 0.7866914103923649 
0.7530259056218426 0.7742663656884876 0.7495836903186163 0.333840950658113 0.22573363431151242 0.5083066626131959 0.7742663656884876 0.4916933373868041 0.7868107104984094 
0.7607975921745673 0.7787810383747178 0.7618516986012163 0.36425737461216834 0.22121896162528218 0.46719567252105926 0.7787810383747178 0.5328043274789408 0.7844777306468717 
0.7621368380434278 0.781038374717833 0.756440022672476 0.354774000741218 0.21896162528216703 0.5002854584930185 0.781038374717833 0.4997145415069815 0.7865455991516436 
0.7685542365788544 0.7855530474040632 0.767493389572202 0.3811312288359004 0.2144469525959368 0.46482134008699 0.7855530474040632 0.5351786599130101 0.7800636267232237 
0.7681316763203585 0.7855530474040632 0.7639781092948462 0.3740401603623622 0.2144469525959368 0.48176195514531456 0.7855530474040632 0.5182380448546855 0.7753048780487805 
0.762953064440564 0.781038374717833 0.7625985135631959 0.3671751092810728 0.21896162528216703 0.47205110006247775 0.781038374717833 0.5279488999375223 0.774814422057264 
0.7681951046784402 0.7855530474040632 0.7651833456518355 0.3763477696651543 0.2144469525959368 0.47611508345920633 0.7855530474040632 0.5238849165407936 0.7796792152704136 
0.7717440376877025 0.7878103837471784 0.7715720374338199 0.39171691974161454 0.21218961625282168 0.4527361525700839 0.7878103837471784 0.5472638474299161 0.7802492046659597 
0.7714578215609623 0.7878103837471784 0.7633277502073801 0.37602309441506154 0.21218961625282168 0.49226425437284105 0.7878103837471784 0.507735745627159 0.7875795334040296 
0.7739870756428983 0.7900677200902935 0.7701268541644284 0.39063170232122557 0.20993227990970656 0.46888532348371875 0.7900677200902935 0.5311146765162813 0.7873011664899258 
0.7741631588116524 0.7900677200902935 0.7677329811532134 0.386439867584754 0.20993227990970656 0.4801790668559351 0.7900677200902935 0.519820933144065 0.7878579003181336 
0.7825535215711854 0.7968397291196389 0.7791950567454827 0.415003400987972 0.20316027088036118 0.44957037599132493 0.7968397291196389 0.5504296240086751 0.787075821845175 
0.7861826186590588 0.7990970654627539 0.7777229604584516 0.4157311433722543 0.20090293453724606 0.4657195469049597 0.7990970654627539 0.5342804530950404 0.7899787910922587 
0.7883535930276071 0.801354401805869 0.7830320335963676 0.4272198069722361 0.1986455981941309 0.44798748770194546 0.801354401805869 0.5520125122980546 0.7897004241781548 
0.792192348582762 0.8036117381489842 0.7827179501110706 0.43037678126600454 0.1963882618510158 0.45848978692947195 0.8036117381489842 0.541510213070528 0.7900980911983033 
0.7855710175718144 0.7990970654627539 0.7800138711896143 0.41919956763336796 0.20090293453724606 0.45442580353274337 0.7990970654627539 0.5455741964672566 0.7910259809119831 
0.7830127401233496 0.7968397291196389 0.7758170854142818 0.40928857524327134 0.20316027088036118 0.46651099104964944 0.7968397291196389 0.5334890089503506 0.7931071049840933 
0.7826116697448527 0.7968397291196389 0.7781009434508307 0.4130208142129367 0.20316027088036118 0.4552172476774331 0.7968397291196389 0.5447827523225669 0.7928950159066808 
0.7889652359178317 0.801354401805869 0.7807989279606311 0.4238403279585819 0.1986455981941309 0.4592812310741617 0.801354401805869 0.5407187689258383 0.7926829268292682 
0.7883535930276071 0.801354401805869 0.7830320335963676 0.4272198069722361 0.1986455981941309 0.44798748770194546 0.801354401805869 0.5520125122980546 0.7933191940615059 
0.7830127401233496 0.7968397291196389 0.7758170854142818 0.40928857524327134 0.20316027088036118 0.46651099104964944 0.7968397291196389 0.5334890089503506 0.7917417815482503 
0.7883535930276071 0.801354401805869 0.7830320335963676 0.4272198069722361 0.1986455981941309 0.44798748770194546 0.801354401805869 0.5520125122980546 0.7915429480381762 
0.7913629885362723 0.8036117381489842 0.7849573797022071 0.4334835002894392 0.1963882618510158 0.4471960435572556 0.8036117381489842 0.5528039564427444 0.7918345705196183 
0.7883535930276071 0.801354401805869 0.7830320335963676 0.4272198069722361 0.1986455981941309 0.44798748770194546 0.801354401805869 0.5520125122980546 0.792576882290562 
0.7858232165074228 0.7990970654627539 0.7788847550235926 0.4174208544125917 0.20090293453724606 0.4600726752188514 0.7990970654627539 0.5399273247811485 0.793465005302227 
0.7883535930276071 0.801354401805869 0.7830320335963676 0.4272198069722361 0.1986455981941309 0.44798748770194546 0.801354401805869 0.5520125122980546 0.7963016967126193 
0.782762380403826 0.7968397291196389 0.776975282054289 0.4111140024673583 0.20316027088036118 0.46086411936354127 0.7968397291196389 0.5391358806364588 0.7965137857900318 
0.7797246931500952 0.7945823927765236 0.7761924600945284 0.4069449157958569 0.2054176072234763 0.45600869182212284 0.7945823927765236 0.5439913081778771 0.7987009544008483 
0.789439739303111 0.801354401805869 0.7796336474803824 0.4222928293312853 0.1986455981941309 0.46492810276026997 0.801354401805869 0.5350718972397301 0.798356309650053 
0.7858232165074228 0.7990970654627539 0.7788847550235926 0.4174208544125917 0.20090293453724606 0.4600726752188514 0.7990970654627539 0.5399273247811485 0.7968981972428419 
0.7900394331530267 0.801354401805869 0.7784344895558452 0.4208503901163189 0.1986455981941309 0.4705749744463781 0.801354401805869 0.5294250255536219 0.7999337221633086 
0.792192348582762 0.8036117381489842 0.7827179501110706 0.43037678126600454 0.1963882618510158 0.45848978692947195 0.8036117381489842 0.541510213070528 0.7977200424178156 
0.7838455626223386 0.7968397291196389 0.7733989097730235 0.40590795821589976 0.20316027088036118 0.4778047344218658 0.7968397291196389 0.5221952655781342 0.7974019088016966 
0.7861826186590588 0.7990970654627539 0.7777229604584516 0.4157311433722543 0.20090293453724606 0.4657195469049597 0.7990970654627539 0.5342804530950404 0.7977995758218451 
0.7900394331530267 0.801354401805869 0.7784344895558452 0.4208503901163189 0.1986455981941309 0.4705749744463781 0.801354401805869 0.5294250255536219 0.7981442205726406 
0.7801728887353556 0.7945823927765236 0.7727279708058326 0.40108550547850413 0.2054176072234763 0.47294930688044734 0.7945823927765236 0.5270506931195527 0.8006230116648992 
0.7866581120671646 0.7990970654627539 0.7765274434829934 0.41413750681425276 0.20090293453724606 0.47136641859106787 0.7990970654627539 0.5286335814089321 0.8000530222693532 
0.7770602443288673 0.7923250564334086 0.7708352428679328 0.39473682252796083 0.2076749435665914 0.47374075102513713 0.7923250564334086 0.526259248974863 0.7975477200424179 
0.7833707670228995 0.7968397291196389 0.7746253212867547 0.4075508495524233 0.20316027088036118 0.4721578627357576 0.7968397291196389 0.5278421372642425 0.7974946977730648 
0.7801728887353556 0.7945823927765236 0.7727279708058326 0.40108550547850413 0.2054176072234763 0.47294930688044734 0.7945823927765236 0.5270506931195527 0.795440084835631 
0.7833707670228995 0.7968397291196389 0.7746253212867547 0.4075508495524233 0.20316027088036118 0.4721578627357576 0.7968397291196389 0.5278421372642425 0.7968584305408272 
0.7770602443288673 0.7923250564334086 0.7708352428679328 0.39473682252796083 0.2076749435665914 0.47374075102513713 0.7923250564334086 0.526259248974863 0.7980381760339342 
0.7805277935612305 0.7945823927765236 0.7715055882803641 0.3992966302959941 0.2054176072234763 0.4785961785665555 0.7945823927765236 0.5214038214334444 0.7995890774125133 
0.7773017947426881 0.7923250564334086 0.769616995093127 0.3928088697735612 0.2076749435665914 0.47938762271124524 0.7923250564334086 0.5206123772887548 0.801736479321315 
0.7805277935612305 0.7945823927765236 0.7715055882803641 0.3992966302959941 0.2054176072234763 0.4785961785665555 0.7945823927765236 0.5214038214334444 0.8037910922587487 
0.7830127401233496 0.7968397291196389 0.7758170854142818 0.40928857524327134 0.20316027088036118 0.46651099104964944 0.7968397291196389 0.5334890089503506 0.8046792152704135 
0.7805277935612305 0.7945823927765236 0.7715055882803641 0.3992966302959941 0.2054176072234763 0.4785961785665555 0.7945823927765236 0.5214038214334444 0.8049575821845175 
0.7773017947426881 0.7923250564334086 0.769616995093127 0.3928088697735612 0.2076749435665914 0.47938762271124524 0.7923250564334086 0.5206123772887548 0.8051961823966066 
0.7838455626223386 0.7968397291196389 0.7733989097730235 0.40590795821589976 0.20316027088036118 0.4778047344218658 0.7968397291196389 0.5221952655781342 0.8059384941675504 
0.7838455626223386 0.7968397291196389 0.7733989097730235 0.40590795821589976 0.20316027088036118 0.4778047344218658 0.7968397291196389 0.5221952655781342 0.8064156945917286 
0.7872598019280678 0.7990970654627539 0.775297111634512 0.4126479366409023 0.20090293453724606 0.47701329027717604 0.7990970654627539 0.5229867097228239 0.8069459172852598 
0.7900394331530267 0.801354401805869 0.7784344895558452 0.4208503901163189 0.1986455981941309 0.4705749744463781 0.801354401805869 0.5294250255536219 0.8075026511134678 
0.7981332704619711 0.8058690744920993 0.7810225670403601 0.4336951639124018 0.19413092550790068 0.4746389578431068 0.8058690744920993 0.5253610421568933 0.8082449628844114 
0.7962333036837148 0.8058690744920993 0.7834700693386669 0.43579282201673797 0.19413092550790068 0.4633452144708905 0.8058690744920993 0.5366547855291096 0.8087486744432661 
0.7971035632755608 0.8058690744920993 0.7822639774540405 0.43467590788592914 0.19413092550790068 0.46899208615699856 0.8058690744920993 0.5310079138430014 0.8082582184517497 
0.7927884305730989 0.8036117381489842 0.7815492986856226 0.4289783833325115 0.1963882618510158 0.46413665861558023 0.8036117381489842 0.5358633413844198 0.8094114528101801 
0.7943981059805766 0.8036117381489842 0.7791087802823852 0.4265356734363591 0.1963882618510158 0.4754304019877965 0.8036117381489842 0.5245695980122035 0.8091728525980912 
0.7962333036837148 0.8058690744920993 0.7834700693386669 0.43579282201673797 0.19413092550790068 0.4633452144708905 0.8058690744920993 0.5366547855291096 0.8089209968186638 
0.8034315976074787 0.8103837471783296 0.7873276058853421 0.449829872408906 0.18961625282167044 0.461762326181511 0.8103837471783296 0.5382376738184891 0.8105911983032874 
0.8060390132159283 0.8126410835214447 0.7904456209625224 0.45778820397119774 0.1873589164785553 0.45532401035071296 0.8126410835214447 0.5446759896492871 0.810564687168611 
0.8060390132159283 0.8126410835214447 0.7904456209625224 0.45778820397119774 0.1873589164785553 0.45532401035071296 0.8126410835214447 0.5446759896492871 0.8119167550371156 
0.8015776838635339 0.8103837471783296 0.789650299867638 0.45177678888900946 0.18961625282167044 0.45046858280929464 0.8103837471783296 0.5495314171907054 0.8118239660657476 
0.7997792761199748 0.8081264108352144 0.7853961178531856 0.4427414481944327 0.19187358916478556 0.4625537703262007 0.8081264108352144 0.5374462296737993 0.8121288441145281 
0.7927884305730989 0.8036117381489842 0.7815492986856226 0.4289783833325115 0.1963882618510158 0.46413665861558023 0.8036117381489842 0.5358633413844198 0.812592788971368 
0.8034315976074787 0.8103837471783296 0.7873276058853421 0.449829872408906 0.18961625282167044 0.461762326181511 0.8103837471783296 0.5382376738184891 0.8124204665959703 
0.789439739303111 0.801354401805869 0.7796336474803824 0.4222928293312853 0.1986455981941309 0.46492810276026997 0.801354401805869 0.5350718972397301 0.8120493107104984 
0.7927884305730989 0.8036117381489842 0.7815492986856226 0.4289783833325115 0.1963882618510158 0.46413665861558023 0.8036117381489842 0.5358633413844198 0.8115588547189819 
0.7889652359178317 0.801354401805869 0.7807989279606311 0.4238403279585819 0.1986455981941309 0.4592812310741617 0.801354401805869 0.5407187689258383 0.811704665959703 
0.7935195390240212 0.8036117381489842 0.7803466147438487 0.4276946924176675 0.1963882618510158 0.46978353030168835 0.8036117381489842 0.5302164696983117 0.8105779427359491 
0.7927884305730989 0.8036117381489842 0.7815492986856226 0.4289783833325115 0.1963882618510158 0.46413665861558023 0.8036117381489842 0.5358633413844198 0.8102730646871686 
0.7927884305730989 0.8036117381489842 0.7815492986856226 0.4289783833325115 0.1963882618510158 0.46413665861558023 0.8036117381489842 0.5358633413844198 0.8096102863202546 
0.7955087115833225 0.8058690744920993 0.7846419736740101 0.4370348091101474 0.19413092550790068 0.4576983427847822 0.8058690744920993 0.5423016572152177 0.8098621420996819 
0.7955087115833225 0.8058690744920993 0.7846419736740101 0.4370348091101474 0.19413092550790068 0.4576983427847822 0.8058690744920993 0.5423016572152177 0.810524920466596 
0.8008702275067965 0.8103837471783296 0.7907626130533298 0.4529438333892029 0.18961625282167044 0.4448217111231864 0.8103837471783296 0.5551782888768135 0.8106972428419936 
0.7955087115833225 0.8058690744920993 0.7846419736740101 0.4370348091101474 0.19413092550790068 0.4576983427847822 0.8058690744920993 0.5423016572152177 0.8113997879109226 
0.8002934752298734 0.8103837471783296 0.7918435965840029 0.4542269598791091 0.18961625282167044 0.4391748394370783 0.8103837471783296 0.5608251605629218 0.8111081654294805 
0.8008702275067965 0.8103837471783296 0.7907626130533298 0.4529438333892029 0.18961625282167044 0.4448217111231864 0.8103837471783296 0.5551782888768135 0.8109623541887593 
0.8002934752298734 0.8103837471783296 0.7918435965840029 0.4542269598791091 0.18961625282167044 0.4391748394370783 0.8103837471783296 0.5608251605629218 0.8105514316012726 
0.8042118084301685 0.8126410835214447 0.7927079294163086 0.4596680570535049 0.1873589164785553 0.4440302669784967 0.8126410835214447 0.5559697330215033 0.8106442205726405 
0.8002934752298734 0.8103837471783296 0.7918435965840029 0.4542269598791091 0.18961625282167044 0.4391748394370783 0.8103837471783296 0.5608251605629218 0.8105779427359491 
0.8042118084301685 0.8126410835214447 0.7927079294163086 0.4596680570535049 0.1873589164785553 0.4440302669784967 0.8126410835214447 0.5559697330215033 0.8100742311770944 
0.7968051471764276 0.8081264108352144 0.7909490011871967 0.4492931886869925 0.19187358916478556 0.43431941189565976 0.8081264108352144 0.5656805881043401 0.8108165429480382 
0.7889652359178317 0.801354401805869 0.7807989279606311 0.4238403279585819 0.1986455981941309 0.4592812310741617 0.801354401805869 0.5407187689258383 0.8105779427359491 
0.7913629885362723 0.8036117381489842 0.7849573797022071 0.4334835002894392 0.1963882618510158 0.4471960435572556 0.8036117381489842 0.5528039564427444 0.8102067868504773 
0.788606078679175 0.801354401805869 0.7819313868975268 0.42548498827127523 0.1986455981941309 0.4536343593880536 0.801354401805869 0.5463656406119465 0.8097560975609757 
0.7940955163103617 0.8058690744920993 0.7879631237419047 0.4414187997315354 0.19413092550790068 0.44075772772645777 0.8058690744920993 0.5592422722735422 0.8090402969247082 
0.7889652359178317 0.801354401805869 0.7807989279606311 0.4238403279585819 0.1986455981941309 0.4592812310741617 0.801354401805869 0.5407187689258383 0.8082051961823966 
0.7971549595007303 0.8081264108352144 0.7899008882148001 0.44776743294551047 0.19187358916478556 0.43996628358176804 0.8081264108352144 0.560033716418232 0.8081919406150583 
0.7889652359178317 0.801354401805869 0.7807989279606311 0.4238403279585819 0.1986455981941309 0.4592812310741617 0.801354401805869 0.5407187689258383 0.8077412513255567 
0.7917203965697777 0.8036117381489842 0.783853636933175 0.4318810857626682 0.1963882618510158 0.45284291524336384 0.8036117381489842 0.547157084756636 0.8084040296924709 
0.792192348582762 0.8036117381489842 0.7827179501110706 0.43037678126600454 0.1963882618510158 0.45848978692947195 0.8036117381489842 0.541510213070528 0.8084968186638389 
0.7917203965697777 0.8036117381489842 0.783853636933175 0.4318810857626682 0.1963882618510158 0.45284291524336384 0.8036117381489842 0.547157084756636 0.8085233297985155 
0.792192348582762 0.8036117381489842 0.7827179501110706 0.43037678126600454 0.1963882618510158 0.45848978692947195 0.8036117381489842 0.541510213070528 0.8083510074231177 
0.788606078679175 0.801354401805869 0.7819313868975268 0.42548498827127523 0.1986455981941309 0.4536343593880536 0.801354401805869 0.5463656406119465 0.8078738069989395 
0.788606078679175 0.801354401805869 0.7819313868975268 0.42548498827127523 0.1986455981941309 0.4536343593880536 0.801354401805869 0.5463656406119465 0.807608695652174 
0.7913629885362723 0.8036117381489842 0.7849573797022071 0.4334835002894392 0.1963882618510158 0.4471960435572556 0.8036117381489842 0.5528039564427444 0.8081124072110286 
0.7917203965697777 0.8036117381489842 0.783853636933175 0.4318810857626682 0.1963882618510158 0.45284291524336384 0.8036117381489842 0.547157084756636 0.8079268292682927 
0.7917203965697777 0.8036117381489842 0.783853636933175 0.4318810857626682 0.1963882618510158 0.45284291524336384 0.8036117381489842 0.547157084756636 0.8085763520678686 
0.7917203965697777 0.8036117381489842 0.783853636933175 0.4318810857626682 0.1963882618510158 0.45284291524336384 0.8036117381489842 0.547157084756636 0.8081786850477201 
0.7944497769545242 0.8058690744920993 0.7868874917407648 0.43985597407519217 0.19413092550790068 0.4464045994125659 0.8058690744920993 0.5535954005874341 0.8073568398727464 
0.7917203965697777 0.8036117381489842 0.783853636933175 0.4318810857626682 0.1963882618510158 0.45284291524336384 0.8036117381489842 0.547157084756636 0.8083510074231177 
0.7913629885362723 0.8036117381489842 0.7849573797022071 0.4334835002894392 0.1963882618510158 0.4471960435572556 0.8036117381489842 0.5528039564427444 0.8090137857900318 
0.7889652359178317 0.801354401805869 0.7807989279606311 0.4238403279585819 0.1986455981941309 0.4592812310741617 0.801354401805869 0.5407187689258383 0.808549840933192 
0.7944497769545242 0.8058690744920993 0.7868874917407648 0.43985597407519217 0.19413092550790068 0.4464045994125659 0.8058690744920993 0.5535954005874341 0.807940084835631 
0.7949177317123141 0.8058690744920993 0.7857807705069805 0.43839208067389246 0.19413092550790068 0.4520514710986741 0.8058690744920993 0.547948528901326 0.8087089077412514 
0.8002934752298734 0.8103837471783296 0.7918435965840029 0.4542269598791091 0.18961625282167044 0.4391748394370783 0.8103837471783296 0.5608251605629218 0.8088282078472958 
0.8042118084301685 0.8126410835214447 0.7927079294163086 0.4596680570535049 0.1873589164785553 0.4440302669784967 0.8126410835214447 0.5559697330215033 0.8090668080593849 
0.8068227233012786 0.8148984198645598 0.7957444555996792 0.46749558610451347 0.18510158013544017 0.4375919511476988 0.8148984198645598 0.5624080488523012 0.809119830328738 
