precision recall f1 MCC TP FP FN FP AUC 
0.7413452695619738 0.7652370203160271 0.7409441875898368 0.3074263062360976 0.23476297968397292 0.5171193108780632 0.7652370203160271 0.4828806891219369 0.7870360551431601 
0.7631035806128955 0.7787810383747178 0.7660493856619638 0.375462624366014 0.22121896162528218 0.4446081857766266 0.7787810383747178 0.5553918142233734 0.7897667020148462 
0.7495968000653286 0.7720090293453724 0.7420838741736925 0.31705344057199325 0.22799097065462753 0.5316855935023184 0.7720090293453724 0.46831440649768163 0.7872083775185579 
0.7522963143730638 0.7720090293453724 0.7539854667726134 0.3421894016712492 0.22799097065462753 0.4808637483273449 0.7720090293453724 0.5191362516726551 0.7873276776246023 
0.7561339690405426 0.7765237020316027 0.7527480121953561 0.3425029539035034 0.2234762979683973 0.501868346782398 0.7765237020316027 0.49813165321760194 0.7911585365853658 
0.7653809920414444 0.781038374717833 0.7679425875913373 0.3806630667784593 0.21896162528216703 0.44381674163193685 0.781038374717833 0.5561832583680631 0.7929480381760339 
0.7651552527399029 0.7832957110609481 0.7608715577752342 0.36563331709733976 0.21670428893905191 0.4882002709761124 0.7832957110609481 0.5117997290238876 0.7913971367974549 
0.7753573338556922 0.7900677200902935 0.7765443077958393 0.40466320863273614 0.20993227990970656 0.4350040933670697 0.7900677200902935 0.5649959066329303 0.7921394485683988 
0.7593875873024294 0.7787810383747178 0.7571508626813368 0.35363005925169044 0.22121896162528218 0.4897831592654919 0.7787810383747178 0.510216840734508 0.7889713679745494 
0.7535328067008082 0.7720090293453724 0.7562413116162282 0.3481207711580754 0.22799097065462753 0.4695700049551285 0.7720090293453724 0.5304299950448714 0.7862539766702015 
0.7535438890270801 0.7742663656884876 0.7521947578380986 0.3392590734477734 0.22573363431151242 0.4970129192409796 0.7742663656884876 0.5029870807590203 0.7879639448568398 
0.7535328067008082 0.7720090293453724 0.7562413116162282 0.3481207711580754 0.22799097065462753 0.4695700049551285 0.7720090293453724 0.5304299950448714 0.7874469777306469 
0.7596439766138346 0.7787810383747178 0.7583765828686821 0.3562248431757395 0.22121896162528218 0.4841362875793838 0.7787810383747178 0.5158637124206162 0.7901246023329799 
0.7542189025489866 0.7720090293453724 0.7573223127675243 0.35112306036892604 0.22799097065462753 0.4639231332690204 0.7720090293453724 0.5360768667309797 0.7914103923647932 
0.7624031337139823 0.781038374717833 0.7602398371392425 0.36206383700908307 0.21896162528216703 0.4833448434346941 0.781038374717833 0.516655156565306 0.7911452810180277 
0.7637575148776045 0.781038374717833 0.7648271814278927 0.3724579203583348 0.21896162528216703 0.46075735669026135 0.781038374717833 0.5392426433097386 0.7960365853658538 
0.7624031337139823 0.781038374717833 0.7602398371392425 0.36206383700908307 0.21896162528216703 0.4833448434346941 0.781038374717833 0.516655156565306 0.7961293743372216 
0.7633254021515874 0.781038374717833 0.763728616603401 0.3697963776210514 0.21896162528216703 0.46640422837636947 0.781038374717833 0.5335957716236305 0.7972428419936374 
0.7599671672599738 0.7787810383747178 0.7595679506784145 0.35886277753956486 0.22121896162528218 0.47848941589327565 0.7787810383747178 0.5215105841067244 0.7980249204665959 
0.7666920899352532 0.7832957110609481 0.7677838421555936 0.38059671653742405 0.21670428893905191 0.4543190408594634 0.7832957110609481 0.5456809591405366 0.7967126193001061 
0.765385899896589 0.7832957110609481 0.7633076730142193 0.37042383593503875 0.21670428893905191 0.4769065276038961 0.7832957110609481 0.5230934723961038 0.7967258748674444 
0.7717440376877025 0.7878103837471784 0.7715720374338199 0.39171691974161454 0.21218961625282168 0.4527361525700839 0.7878103837471784 0.5472638474299161 0.7982767762460233 
0.7797246931500952 0.7945823927765236 0.7761924600945284 0.4069449157958569 0.2054176072234763 0.45600869182212284 0.7945823927765236 0.5439913081778771 0.7984358430540827 
0.77721726044427 0.7923250564334086 0.7764322068501214 0.4054466923063377 0.2076749435665914 0.44550639259459635 0.7923250564334086 0.5544936074054038 0.7986346765641571 
0.7797565808554352 0.7945823927765236 0.7772831415902145 0.4090434679455555 0.2054176072234763 0.45036182013601467 0.7945823927765236 0.5496381798639853 0.8006627783669141 
0.7717440376877025 0.7878103837471784 0.7715720374338199 0.39171691974161454 0.21218961625282168 0.4527361525700839 0.7878103837471784 0.5472638474299161 0.8019353128313892 
0.7741554087171447 0.7900677200902935 0.7723882655812084 0.39508734839072795 0.20993227990970656 0.45759158011150236 0.7900677200902935 0.5424084198884976 0.8030752916224816 
0.77721726044427 0.7923250564334086 0.7764322068501214 0.4054466923063377 0.2076749435665914 0.44550639259459635 0.7923250564334086 0.5544936074054038 0.80516967126193 
0.7743544899301107 0.7900677200902935 0.7734717664341885 0.39740335357085355 0.20993227990970656 0.4519447084253942 0.7900677200902935 0.5480552915746058 0.8047587486744434 
0.77721726044427 0.7923250564334086 0.7764322068501214 0.4054466923063377 0.2076749435665914 0.44550639259459635 0.7923250564334086 0.5544936074054038 0.8043345705196182 
0.7656137558377766 0.7832957110609481 0.7644747271951815 0.37289793340166655 0.21670428893905191 0.471259655917788 0.7832957110609481 0.5287403440822122 0.8057264050901377 
0.77721726044427 0.7923250564334086 0.7764322068501214 0.4054466923063377 0.2076749435665914 0.44550639259459635 0.7923250564334086 0.5544936074054038 0.807608695652174 
0.768337723799207 0.7855530474040632 0.7663547660327495 0.37871273386843307 0.2144469525959368 0.4704682117730982 0.7855530474040632 0.5295317882269018 0.8096765641569459 
0.7743544899301107 0.7900677200902935 0.7734717664341885 0.39740335357085355 0.20993227990970656 0.4519447084253942 0.7900677200902935 0.5480552915746058 0.8105381760339343 
0.768337723799207 0.7855530474040632 0.7663547660327495 0.37871273386843307 0.2144469525959368 0.4704682117730982 0.7855530474040632 0.5295317882269018 0.8098091198303288 
0.7770244780170876 0.7923250564334086 0.7753754233967828 0.4031778520064143 0.2076749435665914 0.4511532642807044 0.7923250564334086 0.5488467357192957 0.8120890774125131 
0.7593875873024294 0.7787810383747178 0.7571508626813368 0.35363005925169044 0.22121896162528218 0.4897831592654919 0.7787810383747178 0.510216840734508 0.8132820784729586 
0.768337723799207 0.7855530474040632 0.7663547660327495 0.37871273386843307 0.2144469525959368 0.4704682117730982 0.7855530474040632 0.5295317882269018 0.8154692470837751 
0.7681951046784402 0.7855530474040632 0.7651833456518355 0.3763477696651543 0.2144469525959368 0.47611508345920633 0.7855530474040632 0.5238849165407936 0.8141436903499469 
0.7711278231793436 0.7878103837471784 0.7682387631597564 0.3846228286943381 0.21218961625282168 0.4696767676284085 0.7878103837471784 0.5303232323715916 0.8145148462354189 
0.7711077485343851 0.7878103837471784 0.7658534003215834 0.3801850698126503 0.21218961625282168 0.4809705110006248 0.7878103837471784 0.5190294889993753 0.8143557794273595 
0.7739870756428983 0.7900677200902935 0.7701268541644284 0.39063170232122557 0.20993227990970656 0.46888532348371875 0.7900677200902935 0.5311146765162813 0.8147667020148461 
0.7770602443288673 0.7923250564334086 0.7708352428679328 0.39473682252796083 0.2076749435665914 0.47374075102513713 0.7923250564334086 0.526259248974863 0.8154957582184518 
0.7769186821284767 0.7923250564334086 0.7720191772110507 0.39674301666344125 0.2076749435665914 0.468093879339029 0.7923250564334086 0.5319061206609711 0.8148064687168611 
0.7801728887353556 0.7945823927765236 0.7727279708058326 0.40108550547850413 0.2054176072234763 0.47294930688044734 0.7945823927765236 0.5270506931195527 0.8175238600212088 
0.7799260364450681 0.7945823927765236 0.7739158731140106 0.40296062306251523 0.2054176072234763 0.4673024351943392 0.7945823927765236 0.5326975648056609 0.8169803817603394 
0.7799260364450681 0.7945823927765236 0.7739158731140106 0.40296062306251523 0.2054176072234763 0.4673024351943392 0.7945823927765236 0.5326975648056609 0.8176564156945917 
0.7769186821284767 0.7923250564334086 0.7720191772110507 0.39674301666344125 0.2076749435665914 0.468093879339029 0.7923250564334086 0.5319061206609711 0.8173250265111347 
0.7799260364450681 0.7945823927765236 0.7739158731140106 0.40296062306251523 0.2054176072234763 0.4673024351943392 0.7945823927765236 0.5326975648056609 0.8176829268292684 
0.7855710175718144 0.7990970654627539 0.7800138711896143 0.41919956763336796 0.20090293453724606 0.45442580353274337 0.7990970654627539 0.5455741964672566 0.8165827147401907 
0.7741631588116524 0.7900677200902935 0.7677329811532134 0.386439867584754 0.20993227990970656 0.4801790668559351 0.7900677200902935 0.519820933144065 0.8178817603393426 
0.7799260364450681 0.7945823927765236 0.7739158731140106 0.40296062306251523 0.2054176072234763 0.4673024351943392 0.7945823927765236 0.5326975648056609 0.8195784729586426 
0.7770602443288673 0.7923250564334086 0.7708352428679328 0.39473682252796083 0.2076749435665914 0.47374075102513713 0.7923250564334086 0.526259248974863 0.8205063626723224 
0.7769186821284767 0.7923250564334086 0.7720191772110507 0.39674301666344125 0.2076749435665914 0.468093879339029 0.7923250564334086 0.5319061206609711 0.8207449628844115 
0.7712328224624767 0.7878103837471784 0.7646086688994995 0.3780668899946992 0.21218961625282168 0.48661738268673294 0.7878103837471784 0.5133826173132671 0.8187698833510075 
0.782762380403826 0.7968397291196389 0.776975282054289 0.4111140024673583 0.20316027088036118 0.46086411936354127 0.7968397291196389 0.5391358806364588 0.818796394485684 
0.7743974750552962 0.7900677200902935 0.7664837330777347 0.3844557537777354 0.20993227990970656 0.48582593854204315 0.7900677200902935 0.5141740614579567 0.8179878048780488 
0.7741631588116524 0.7900677200902935 0.7677329811532134 0.386439867584754 0.20993227990970656 0.4801790668559351 0.7900677200902935 0.519820933144065 0.8185577942735949 
0.7747403277361607 0.7900677200902935 0.7651981054158383 0.3825544250873721 0.20993227990970656 0.4914728102281513 0.7900677200902935 0.5085271897718486 0.8191012725344644 
0.7743974750552962 0.7900677200902935 0.7664837330777347 0.3844557537777354 0.20993227990970656 0.48582593854204315 0.7900677200902935 0.5141740614579567 0.8183059384941676 
0.7776516920916505 0.7923250564334086 0.7683633299902018 0.3909655263154807 0.2076749435665914 0.4850344943973534 0.7923250564334086 0.5149655056026465 0.8171129374337222 
0.7861826186590588 0.7990970654627539 0.7777229604584516 0.4157311433722543 0.20090293453724606 0.4657195469049597 0.7990970654627539 0.5342804530950404 0.8158404029692471 
0.7833707670228995 0.7968397291196389 0.7746253212867547 0.4075508495524233 0.20316027088036118 0.4721578627357576 0.7968397291196389 0.5278421372642425 0.815787380699894 
0.7830127401233496 0.7968397291196389 0.7758170854142818 0.40928857524327134 0.20316027088036118 0.46651099104964944 0.7968397291196389 0.5334890089503506 0.8167948038176034 
0.7833707670228995 0.7968397291196389 0.7746253212867547 0.4075508495524233 0.20316027088036118 0.4721578627357576 0.7968397291196389 0.5278421372642425 0.8171527041357369 
0.7801728887353556 0.7945823927765236 0.7727279708058326 0.40108550547850413 0.2054176072234763 0.47294930688044734 0.7945823927765236 0.5270506931195527 0.81766967126193 
0.7801728887353556 0.7945823927765236 0.7727279708058326 0.40108550547850413 0.2054176072234763 0.47294930688044734 0.7945823927765236 0.5270506931195527 0.8165694591728527 
0.7801728887353556 0.7945823927765236 0.7727279708058326 0.40108550547850413 0.2054176072234763 0.47294930688044734 0.7945823927765236 0.5270506931195527 0.8158271474019088 
0.7801728887353556 0.7945823927765236 0.7727279708058326 0.40108550547850413 0.2054176072234763 0.47294930688044734 0.7945823927765236 0.5270506931195527 0.815601802757158 
0.7801728887353556 0.7945823927765236 0.7727279708058326 0.40108550547850413 0.2054176072234763 0.47294930688044734 0.7945823927765236 0.5270506931195527 0.8148860021208909 
0.7805277935612305 0.7945823927765236 0.7715055882803641 0.3992966302959941 0.2054176072234763 0.4785961785665555 0.7945823927765236 0.5214038214334444 0.8148462354188758 
0.7770602443288673 0.7923250564334086 0.7708352428679328 0.39473682252796083 0.2076749435665914 0.47374075102513713 0.7923250564334086 0.526259248974863 0.816211558854719 
0.7773017947426881 0.7923250564334086 0.769616995093127 0.3928088697735612 0.2076749435665914 0.47938762271124524 0.7923250564334086 0.5206123772887548 0.8173117709437964 
0.7740288563827133 0.7900677200902935 0.7689469912044284 0.3885003917124388 0.20993227990970656 0.47453219516982686 0.7900677200902935 0.5254678048301731 0.8184119830328739 
0.7741631588116524 0.7900677200902935 0.7677329811532134 0.386439867584754 0.20993227990970656 0.4801790668559351 0.7900677200902935 0.519820933144065 0.8178419936373277 
0.7711077485343851 0.7878103837471784 0.7658534003215834 0.3801850698126503 0.21218961625282168 0.4809705110006248 0.7878103837471784 0.5190294889993753 0.8177492046659598 
0.7714578215609623 0.7878103837471784 0.7633277502073801 0.37602309441506154 0.21218961625282168 0.49226425437284105 0.7878103837471784 0.507735745627159 0.8183059384941676 
0.7740288563827133 0.7900677200902935 0.7689469912044284 0.3885003917124388 0.20993227990970656 0.47453219516982686 0.7900677200902935 0.5254678048301731 0.8181733828207847 
0.7743974750552962 0.7900677200902935 0.7664837330777347 0.3844557537777354 0.20993227990970656 0.48582593854204315 0.7900677200902935 0.5141740614579567 0.8176033934252386 
0.7711077485343851 0.7878103837471784 0.7658534003215834 0.3801850698126503 0.21218961625282168 0.4809705110006248 0.7878103837471784 0.5190294889993753 0.816304347826087 
0.7743974750552962 0.7900677200902935 0.7664837330777347 0.3844557537777354 0.20993227990970656 0.48582593854204315 0.7900677200902935 0.5141740614579567 0.8176166489925769 
0.7799260364450681 0.7945823927765236 0.7739158731140106 0.40296062306251523 0.2054176072234763 0.4673024351943392 0.7945823927765236 0.5326975648056609 0.817762460233298 
0.7861826186590588 0.7990970654627539 0.7777229604584516 0.4157311433722543 0.20090293453724606 0.4657195469049597 0.7990970654627539 0.5342804530950404 0.8188096500530223 
0.7830127401233496 0.7968397291196389 0.7758170854142818 0.40928857524327134 0.20316027088036118 0.46651099104964944 0.7968397291196389 0.5334890089503506 0.818001060445387 
0.7866581120671646 0.7990970654627539 0.7765274434829934 0.41413750681425276 0.20090293453724606 0.47136641859106787 0.7990970654627539 0.5286335814089321 0.8181203605514316 
0.7861826186590588 0.7990970654627539 0.7777229604584516 0.4157311433722543 0.20090293453724606 0.4657195469049597 0.7990970654627539 0.5342804530950404 0.818796394485684 
0.7866581120671646 0.7990970654627539 0.7765274434829934 0.41413750681425276 0.20090293453724606 0.47136641859106787 0.7990970654627539 0.5286335814089321 0.8190880169671262 
0.7861826186590588 0.7990970654627539 0.7777229604584516 0.4157311433722543 0.20090293453724606 0.4657195469049597 0.7990970654627539 0.5342804530950404 0.8191940615058323 
0.7805277935612305 0.7945823927765236 0.7715055882803641 0.3992966302959941 0.2054176072234763 0.4785961785665555 0.7945823927765236 0.5214038214334444 0.8191410392364793 
0.7830127401233496 0.7968397291196389 0.7758170854142818 0.40928857524327134 0.20316027088036118 0.46651099104964944 0.7968397291196389 0.5334890089503506 0.819498939554613 
0.7833707670228995 0.7968397291196389 0.7746253212867547 0.4075508495524233 0.20316027088036118 0.4721578627357576 0.7968397291196389 0.5278421372642425 0.8211028632025452 
0.7801728887353556 0.7945823927765236 0.7727279708058326 0.40108550547850413 0.2054176072234763 0.47294930688044734 0.7945823927765236 0.5270506931195527 0.8207317073170731 
0.7801728887353556 0.7945823927765236 0.7727279708058326 0.40108550547850413 0.2054176072234763 0.47294930688044734 0.7945823927765236 0.5270506931195527 0.8217258748674443 
0.7801728887353556 0.7945823927765236 0.7727279708058326 0.40108550547850413 0.2054176072234763 0.47294930688044734 0.7945823927765236 0.5270506931195527 0.8217258748674443 
0.7833707670228995 0.7968397291196389 0.7746253212867547 0.4075508495524233 0.20316027088036118 0.4721578627357576 0.7968397291196389 0.5278421372642425 0.8224681866383882 
0.7801728887353556 0.7945823927765236 0.7727279708058326 0.40108550547850413 0.2054176072234763 0.47294930688044734 0.7945823927765236 0.5270506931195527 0.8221367974549312 
0.7805277935612305 0.7945823927765236 0.7715055882803641 0.3992966302959941 0.2054176072234763 0.4785961785665555 0.7945823927765236 0.5214038214334444 0.8220970307529161 
0.7801728887353556 0.7945823927765236 0.7727279708058326 0.40108550547850413 0.2054176072234763 0.47294930688044734 0.7945823927765236 0.5270506931195527 0.8223356309650053 
0.7833707670228995 0.7968397291196389 0.7746253212867547 0.4075508495524233 0.20316027088036118 0.4721578627357576 0.7968397291196389 0.5278421372642425 0.8227995758218452 
0.7833707670228995 0.7968397291196389 0.7746253212867547 0.4075508495524233 0.20316027088036118 0.4721578627357576 0.7968397291196389 0.5278421372642425 0.8227995758218452 
0.7838455626223386 0.7968397291196389 0.7733989097730235 0.40590795821589976 0.20316027088036118 0.4778047344218658 0.7968397291196389 0.5221952655781342 0.8222428419936373 
0.7833707670228995 0.7968397291196389 0.7746253212867547 0.4075508495524233 0.20316027088036118 0.4721578627357576 0.7968397291196389 0.5278421372642425 0.8212751855779428 
0.7838455626223386 0.7968397291196389 0.7733989097730235 0.40590795821589976 0.20316027088036118 0.4778047344218658 0.7968397291196389 0.5221952655781342 0.8215933191940615 
0.7833707670228995 0.7968397291196389 0.7746253212867547 0.4075508495524233 0.20316027088036118 0.4721578627357576 0.7968397291196389 0.5278421372642425 0.8216861081654295 
0.7838455626223386 0.7968397291196389 0.7733989097730235 0.40590795821589976 0.20316027088036118 0.4778047344218658 0.7968397291196389 0.5221952655781342 0.821951219512195 
0.7773017947426881 0.7923250564334086 0.769616995093127 0.3928088697735612 0.2076749435665914 0.47938762271124524 0.7923250564334086 0.5206123772887548 0.8224681866383882 
0.7805277935612305 0.7945823927765236 0.7715055882803641 0.3992966302959941 0.2054176072234763 0.4785961785665555 0.7945823927765236 0.5214038214334444 0.8222826086956522 
0.7741631588116524 0.7900677200902935 0.7677329811532134 0.386439867584754 0.20993227990970656 0.4801790668559351 0.7900677200902935 0.519820933144065 0.8225874867444327 
0.7741631588116524 0.7900677200902935 0.7677329811532134 0.386439867584754 0.20993227990970656 0.4801790668559351 0.7900677200902935 0.519820933144065 0.8231442205726406 
0.7741631588116524 0.7900677200902935 0.7677329811532134 0.386439867584754 0.20993227990970656 0.4801790668559351 0.7900677200902935 0.519820933144065 0.8233165429480381 
