precision recall f1 MCC TP FP FN FP AUC 
0.7498714344144537 0.7720090293453724 0.7389932223134613 0.31195186145086273 0.22799097065462753 0.5429793368745347 0.7720090293453724 0.4570206631254653 0.758364262990456 
0.7566111627495243 0.7765237020316027 0.7552963286266496 0.3477799043530118 0.2234762979683973 0.4905746034101817 0.7765237020316027 0.5094253965898183 0.7630567338282078 
0.7495968000653286 0.7720090293453724 0.7420838741736925 0.31705344057199325 0.22799097065462753 0.5316855935023184 0.7720090293453724 0.46831440649768163 0.755501060445387 
0.7651638501822653 0.7832957110609481 0.7596003427058718 0.3633249102158371 0.21670428893905191 0.49384714266222063 0.7832957110609481 0.5061528573377795 0.7630434782608695 
0.7599578892649296 0.7787810383747178 0.747512109341432 0.3370028262615413 0.22121896162528218 0.5293112610682491 0.7787810383747178 0.4706887389317509 0.7602863202545068 
0.7622344962580037 0.781038374717833 0.759009227385264 0.35957992901228575 0.21896162528216703 0.48899171512080214 0.781038374717833 0.5110082848791978 0.7639050901378579 
0.7661974989474932 0.7832957110609481 0.7541335663614602 0.3547920472760282 0.21670428893905191 0.5164346294066533 0.7832957110609481 0.4835653705933467 0.76682131495228 
0.7596439766138346 0.7787810383747178 0.7583765828686821 0.3562248431757395 0.22121896162528218 0.4841362875793838 0.7787810383747178 0.5158637124206162 0.7656018027571581 
0.7621368380434278 0.781038374717833 0.756440022672476 0.354774000741218 0.21896162528216703 0.5002854584930185 0.781038374717833 0.4997145415069815 0.7745095440084836 
0.754320578682171 0.7742663656884876 0.7546611741616475 0.344827621677463 0.22573363431151242 0.4857191758687633 0.7742663656884876 0.5142808241312368 0.7724814422057265 
0.7621368380434278 0.781038374717833 0.756440022672476 0.354774000741218 0.21896162528216703 0.5002854584930185 0.781038374717833 0.4997145415069815 0.7726405090137858 
0.7712603444155798 0.7878103837471784 0.7693815037119488 0.38693308926376846 0.21218961625282168 0.46402989594230026 0.7878103837471784 0.5359701040576997 0.7771208907741252 
0.7712328224624767 0.7878103837471784 0.7646086688994995 0.3780668899946992 0.21218961625282168 0.48661738268673294 0.7878103837471784 0.5133826173132671 0.7816410392364793 
0.7825535215711854 0.7968397291196389 0.7791950567454827 0.415003400987972 0.20316027088036118 0.44957037599132493 0.7968397291196389 0.5504296240086751 0.7841198303287381 
0.7682671565493621 0.7855530474040632 0.7614618778751053 0.3696148772594766 0.2144469525959368 0.4930556985175309 0.7855530474040632 0.5069443014824692 0.7835763520678685 
0.7710749838531277 0.7878103837471784 0.7670630723678128 0.3823720308595243 0.21218961625282168 0.4753236393145166 0.7878103837471784 0.5246763606854834 0.7891702014846236 
0.77179142594789 0.7878103837471784 0.7620094637288352 0.3740600497940219 0.21218961625282168 0.49791112605894927 0.7878103837471784 0.5020888739410506 0.7906548250265112 
0.768153428887949 0.7855530474040632 0.7627379915005944 0.37179422969100373 0.2144469525959368 0.48740882683142267 0.7855530474040632 0.5125911731685773 0.7888918345705197 
0.7787159919588675 0.7923250564334086 0.7657450717175945 0.3875625504307641 0.2076749435665914 0.4963282377695698 0.7923250564334086 0.5036717622304302 0.7922985153764581 
0.7747403277361607 0.7900677200902935 0.7651981054158383 0.3825544250873721 0.20993227990970656 0.4914728102281513 0.7900677200902935 0.5085271897718486 0.7971500530222694 
0.7787159919588675 0.7923250564334086 0.7657450717175945 0.3875625504307641 0.2076749435665914 0.4963282377695698 0.7923250564334086 0.5036717622304302 0.8028366914103923 
0.7781194602798076 0.7923250564334086 0.7670730921601364 0.38921401431699876 0.2076749435665914 0.4906813660834616 0.7923250564334086 0.5093186339165384 0.8014316012725345 
0.7787159919588675 0.7923250564334086 0.7657450717175945 0.3875625504307641 0.2076749435665914 0.4963282377695698 0.7923250564334086 0.5036717622304302 0.7991251325556734 
0.7776516920916505 0.7923250564334086 0.7683633299902018 0.3909655263154807 0.2076749435665914 0.4850344943973534 0.7923250564334086 0.5149655056026465 0.796434252386002 
0.7757919842478087 0.7900677200902935 0.7625128742391426 0.37903013077536585 0.20993227990970656 0.5027665536003677 0.7900677200902935 0.49723344639963235 0.7981707317073171 
0.7743974750552962 0.7900677200902935 0.7664837330777347 0.3844557537777354 0.20993227990970656 0.48582593854204315 0.7900677200902935 0.5141740614579567 0.8000265111346766 
0.7776516920916505 0.7923250564334086 0.7683633299902018 0.3909655263154807 0.2076749435665914 0.4850344943973534 0.7923250564334086 0.5149655056026465 0.8041755037115589 
0.7773017947426881 0.7923250564334086 0.769616995093127 0.3928088697735612 0.2076749435665914 0.47938762271124524 0.7923250564334086 0.5206123772887548 0.8061240721102864 
0.7810000648321143 0.7945823927765236 0.770247608525175 0.3976011808641372 0.2054176072234763 0.4842430502526637 0.7945823927765236 0.5157569497473363 0.8087486744432661 
0.7838455626223386 0.7968397291196389 0.7733989097730235 0.40590795821589976 0.20316027088036118 0.4778047344218658 0.7968397291196389 0.5221952655781342 0.8105116648992576 
0.7823407802934287 0.7945823927765236 0.7676201242555049 0.3945243033262089 0.2054176072234763 0.49553679362488007 0.7945823927765236 0.50446320637512 0.8099416755037115 
0.7810000648321143 0.7945823927765236 0.770247608525175 0.3976011808641372 0.2054176072234763 0.4842430502526637 0.7945823927765236 0.5157569497473363 0.8102200424178156 
0.7781194602798076 0.7923250564334086 0.7670730921601364 0.38921401431699876 0.2076749435665914 0.4906813660834616 0.7923250564334086 0.5093186339165384 0.8097163308589608 
0.7810000648321143 0.7945823927765236 0.770247608525175 0.3976011808641372 0.2054176072234763 0.4842430502526637 0.7945823927765236 0.5157569497473363 0.8122216330858961 
0.7781194602798076 0.7923250564334086 0.7670730921601364 0.38921401431699876 0.2076749435665914 0.4906813660834616 0.7923250564334086 0.5093186339165384 0.8099284199363732 
0.7781194602798076 0.7923250564334086 0.7670730921601364 0.38921401431699876 0.2076749435665914 0.4906813660834616 0.7923250564334086 0.5093186339165384 0.809915164369035 
0.7752014467979285 0.7900677200902935 0.7638749030604807 0.3807431288045698 0.20993227990970656 0.49711968191425954 0.7900677200902935 0.5028803180857405 0.8101405090137858 
0.7752014467979285 0.7900677200902935 0.7638749030604807 0.3807431288045698 0.20993227990970656 0.49711968191425954 0.7900677200902935 0.5028803180857405 0.8121553552492047 
0.7752014467979285 0.7900677200902935 0.7638749030604807 0.3807431288045698 0.20993227990970656 0.49711968191425954 0.7900677200902935 0.5028803180857405 0.8146076352067868 
0.7810000648321143 0.7945823927765236 0.770247608525175 0.3976011808641372 0.2054176072234763 0.4842430502526637 0.7945823927765236 0.5157569497473363 0.8167815482502652 
0.7722435657911665 0.7878103837471784 0.7606525732766728 0.37218501260355147 0.21218961625282168 0.5035579977450574 0.7878103837471784 0.4964420022549425 0.8174443266171791 
0.7776516920916505 0.7923250564334086 0.7683633299902018 0.3909655263154807 0.2076749435665914 0.4850344943973534 0.7923250564334086 0.5149655056026465 0.8176166489925769 
0.7752014467979285 0.7900677200902935 0.7638749030604807 0.3807431288045698 0.20993227990970656 0.49711968191425954 0.7900677200902935 0.5028803180857405 0.8164103923647932 
0.7833707670228995 0.7968397291196389 0.7746253212867547 0.4075508495524233 0.20316027088036118 0.4721578627357576 0.7968397291196389 0.5278421372642425 0.8176299045599152 
0.7781194602798076 0.7923250564334086 0.7670730921601364 0.38921401431699876 0.2076749435665914 0.4906813660834616 0.7923250564334086 0.5093186339165384 0.8173250265111347 
0.7776516920916505 0.7923250564334086 0.7683633299902018 0.3909655263154807 0.2076749435665914 0.4850344943973534 0.7923250564334086 0.5149655056026465 0.8165827147401907 
0.7757919842478087 0.7900677200902935 0.7625128742391426 0.37903013077536585 0.20993227990970656 0.5027665536003677 0.7900677200902935 0.49723344639963235 0.8197375397667022 
0.7816003331921445 0.7945823927765236 0.7689528621344488 0.39600731034849956 0.2054176072234763 0.48988992193877184 0.7945823927765236 0.5101100780612281 0.8200556733828208 
0.7816003331921445 0.7945823927765236 0.7689528621344488 0.39600731034849956 0.2054176072234763 0.48988992193877184 0.7945823927765236 0.5101100780612281 0.8208907741251326 
0.7816003331921445 0.7945823927765236 0.7689528621344488 0.39600731034849956 0.2054176072234763 0.48988992193877184 0.7945823927765236 0.5101100780612281 0.8212089077412513 
0.7757919842478087 0.7900677200902935 0.7625128742391426 0.37903013077536585 0.20993227990970656 0.5027665536003677 0.7900677200902935 0.49723344639963235 0.8207979851537646 
0.7816003331921445 0.7945823927765236 0.7689528621344488 0.39600731034849956 0.2054176072234763 0.48988992193877184 0.7945823927765236 0.5101100780612281 0.8197242841993637 
0.7823407802934287 0.7945823927765236 0.7676201242555049 0.3945243033262089 0.2054176072234763 0.49553679362488007 0.7945823927765236 0.50446320637512 0.819644750795334 
0.7781194602798076 0.7923250564334086 0.7670730921601364 0.38921401431699876 0.2076749435665914 0.4906813660834616 0.7923250564334086 0.5093186339165384 0.819591728525981 
0.7728256477412886 0.7878103837471784 0.7592557837289299 0.37040628102759593 0.21218961625282168 0.5092048694311656 0.7878103837471784 0.4907951305688344 0.8189554612937434 
0.7787159919588675 0.7923250564334086 0.7657450717175945 0.3875625504307641 0.2076749435665914 0.4963282377695698 0.7923250564334086 0.5036717622304302 0.818093849416755 
0.7757919842478087 0.7900677200902935 0.7625128742391426 0.37903013077536585 0.20993227990970656 0.5027665536003677 0.7900677200902935 0.49723344639963235 0.8176299045599152 
0.7816003331921445 0.7945823927765236 0.7689528621344488 0.39600731034849956 0.2054176072234763 0.48988992193877184 0.7945823927765236 0.5101100780612281 0.8189289501590669 
0.7832354251574686 0.7945823927765236 0.7662481113183344 0.39316277103424907 0.2054176072234763 0.5011836653109881 0.7945823927765236 0.4988163346890118 0.8196580063626723 
0.7654633916159724 0.7832957110609481 0.7569458352975338 0.35890608527104506 0.21670428893905191 0.5051408860344369 0.7832957110609481 0.49485911396556304 0.818889183457052 
0.7794537965350841 0.7923250564334086 0.7643780010963994 0.3860205147791636 0.2076749435665914 0.5019751094556779 0.7923250564334086 0.4980248905443221 0.8194724284199364 
0.7752014467979285 0.7900677200902935 0.7638749030604807 0.3807431288045698 0.20993227990970656 0.49711968191425954 0.7900677200902935 0.5028803180857405 0.8188759278897136 
0.7794537965350841 0.7923250564334086 0.7643780010963994 0.3860205147791636 0.2076749435665914 0.5019751094556779 0.7923250564334086 0.4980248905443221 0.8187698833510075 
0.7722435657911665 0.7878103837471784 0.7606525732766728 0.37218501260355147 0.21218961625282168 0.5035579977450574 0.7878103837471784 0.4964420022549425 0.8194459172852598 
0.7757919842478087 0.7900677200902935 0.7625128742391426 0.37903013077536585 0.20993227990970656 0.5027665536003677 0.7900677200902935 0.49723344639963235 0.8185047720042418 
0.77179142594789 0.7878103837471784 0.7620094637288352 0.3740600497940219 0.21218961625282168 0.49791112605894927 0.7878103837471784 0.5020888739410506 0.8180408271474019 
0.7722435657911665 0.7878103837471784 0.7606525732766728 0.37218501260355147 0.21218961625282168 0.5035579977450574 0.7878103837471784 0.4964420022549425 0.8177359490986215 
0.7688025604037125 0.7855530474040632 0.7587969439865124 0.36547894726064 0.2144469525959368 0.5043494418897472 0.7855530474040632 0.49565055811025277 0.8189687168610816 
0.7688025604037125 0.7855530474040632 0.7587969439865124 0.36547894726064 0.2144469525959368 0.5043494418897472 0.7855530474040632 0.49565055811025277 0.8195254506892895 
0.7688025604037125 0.7855530474040632 0.7587969439865124 0.36547894726064 0.2144469525959368 0.5043494418897472 0.7855530474040632 0.49565055811025277 0.819127783669141 
0.7626943921565685 0.781038374717833 0.7522983742064174 0.3480417856736795 0.21896162528216703 0.517226073551343 0.781038374717833 0.48277392644865696 0.8199893955461294 
0.77179142594789 0.7878103837471784 0.7620094637288352 0.3740600497940219 0.21218961625282168 0.49791112605894927 0.7878103837471784 0.5020888739410506 0.8192470837751855 
0.7661974989474932 0.7832957110609481 0.7541335663614602 0.3547920472760282 0.21670428893905191 0.5164346294066533 0.7832957110609481 0.4835653705933467 0.8185312831389183 
0.7692431882021886 0.7855530474040632 0.7574056242227799 0.3635359582245227 0.2144469525959368 0.5099963135758554 0.7855530474040632 0.4900036864241446 0.8183457051961825 
0.7692431882021886 0.7855530474040632 0.7574056242227799 0.3635359582245227 0.2144469525959368 0.5099963135758554 0.7855530474040632 0.4900036864241446 0.8187698833510075 
0.7692431882021886 0.7855530474040632 0.7574056242227799 0.3635359582245227 0.2144469525959368 0.5099963135758554 0.7855530474040632 0.4900036864241446 0.819353128313892 
0.7692431882021886 0.7855530474040632 0.7574056242227799 0.3635359582245227 0.2144469525959368 0.5099963135758554 0.7855530474040632 0.4900036864241446 0.8190349946977731 
0.7692431882021886 0.7855530474040632 0.7574056242227799 0.3635359582245227 0.2144469525959368 0.5099963135758554 0.7855530474040632 0.4900036864241446 0.8190615058324496 
0.7692431882021886 0.7855530474040632 0.7574056242227799 0.3635359582245227 0.2144469525959368 0.5099963135758554 0.7855530474040632 0.4900036864241446 0.8181601272534463 
0.7654633916159724 0.7832957110609481 0.7569458352975338 0.35890608527104506 0.21670428893905191 0.5051408860344369 0.7832957110609481 0.49485911396556304 0.8179745493107105 
0.7722435657911665 0.7878103837471784 0.7606525732766728 0.37218501260355147 0.21218961625282168 0.5035579977450574 0.7878103837471784 0.4964420022549425 0.818186638388123 
0.7688025604037125 0.7855530474040632 0.7587969439865124 0.36547894726064 0.2144469525959368 0.5043494418897472 0.7855530474040632 0.49565055811025277 0.8176431601272536 
0.7657711396234654 0.7832957110609481 0.7555600748357508 0.3568074747763389 0.21670428893905191 0.5107877577205451 0.7832957110609481 0.48921224227945487 0.8181071049840932 
0.7688025604037125 0.7855530474040632 0.7587969439865124 0.36547894726064 0.2144469525959368 0.5043494418897472 0.7855530474040632 0.49565055811025277 0.8190747613997879 
0.7657711396234654 0.7832957110609481 0.7555600748357508 0.3568074747763389 0.21670428893905191 0.5107877577205451 0.7832957110609481 0.48921224227945487 0.8181998939554613 
0.7688025604037125 0.7855530474040632 0.7587969439865124 0.36547894726064 0.2144469525959368 0.5043494418897472 0.7855530474040632 0.49565055811025277 0.8175901378579005 
0.7722435657911665 0.7878103837471784 0.7606525732766728 0.37218501260355147 0.21218961625282168 0.5035579977450574 0.7878103837471784 0.4964420022549425 0.8186373276776246 
0.77179142594789 0.7878103837471784 0.7620094637288352 0.3740600497940219 0.21218961625282168 0.49791112605894927 0.7878103837471784 0.5020888739410506 0.8190349946977731 
0.77179142594789 0.7878103837471784 0.7620094637288352 0.3740600497940219 0.21218961625282168 0.49791112605894927 0.7878103837471784 0.5020888739410506 0.818796394485684 
0.77179142594789 0.7878103837471784 0.7620094637288352 0.3740600497940219 0.21218961625282168 0.49791112605894927 0.7878103837471784 0.5020888739410506 0.8185577942735949 
0.7688025604037125 0.7855530474040632 0.7587969439865124 0.36547894726064 0.2144469525959368 0.5043494418897472 0.7855530474040632 0.49565055811025277 0.819260339342524 
0.77179142594789 0.7878103837471784 0.7620094637288352 0.3740600497940219 0.21218961625282168 0.49791112605894927 0.7878103837471784 0.5020888739410506 0.8191940615058323 
0.7688025604037125 0.7855530474040632 0.7587969439865124 0.36547894726064 0.2144469525959368 0.5043494418897472 0.7855530474040632 0.49565055811025277 0.8197773064687168 
0.77179142594789 0.7878103837471784 0.7620094637288352 0.3740600497940219 0.21218961625282168 0.49791112605894927 0.7878103837471784 0.5020888739410506 0.8196049840933192 
0.77179142594789 0.7878103837471784 0.7620094637288352 0.3740600497940219 0.21218961625282168 0.49791112605894927 0.7878103837471784 0.5020888739410506 0.8203738069989396 
0.77179142594789 0.7878103837471784 0.7620094637288352 0.3740600497940219 0.21218961625282168 0.49791112605894927 0.7878103837471784 0.5020888739410506 0.8190880169671262 
0.7688025604037125 0.7855530474040632 0.7587969439865124 0.36547894726064 0.2144469525959368 0.5043494418897472 0.7855530474040632 0.49565055811025277 0.8187433722163309 
0.7688025604037125 0.7855530474040632 0.7587969439865124 0.36547894726064 0.2144469525959368 0.5043494418897472 0.7855530474040632 0.49565055811025277 0.819498939554613 
0.7722435657911665 0.7878103837471784 0.7606525732766728 0.37218501260355147 0.21218961625282168 0.5035579977450574 0.7878103837471784 0.4964420022549425 0.8200291622481443 
0.7654633916159724 0.7832957110609481 0.7569458352975338 0.35890608527104506 0.21670428893905191 0.5051408860344369 0.7832957110609481 0.49485911396556304 0.8199628844114528 
0.7654633916159724 0.7832957110609481 0.7569458352975338 0.35890608527104506 0.21670428893905191 0.5051408860344369 0.7832957110609481 0.49485911396556304 0.8208112407211028 
0.7654633916159724 0.7832957110609481 0.7569458352975338 0.35890608527104506 0.21670428893905191 0.5051408860344369 0.7832957110609481 0.49485911396556304 0.8204268292682927 
0.7688025604037125 0.7855530474040632 0.7587969439865124 0.36547894726064 0.2144469525959368 0.5043494418897472 0.7855530474040632 0.49565055811025277 0.8209835630965006 
0.7684805906402072 0.7855530474040632 0.7601486023065015 0.36750766931060697 0.2144469525959368 0.498702570203639 0.7855530474040632 0.5012974297963609 0.8208377518557795 
0.7657711396234654 0.7832957110609481 0.7555600748357508 0.3568074747763389 0.21670428893905191 0.5107877577205451 0.7832957110609481 0.48921224227945487 0.82029427359491 
0.7714578215609623 0.7878103837471784 0.7633277502073801 0.37602309441506154 0.21218961625282168 0.49226425437284105 0.7878103837471784 0.507735745627159 0.8203870625662779 
0.7714578215609623 0.7878103837471784 0.7633277502073801 0.37602309441506154 0.21218961625282168 0.49226425437284105 0.7878103837471784 0.507735745627159 0.8208642629904559 
0.7712328224624767 0.7878103837471784 0.7646086688994995 0.3780668899946992 0.21218961625282168 0.48661738268673294 0.7878103837471784 0.5133826173132671 0.8208775185577941 
0.7743974750552962 0.7900677200902935 0.7664837330777347 0.3844557537777354 0.20993227990970656 0.48582593854204315 0.7900677200902935 0.5141740614579567 0.8205063626723224 
0.768153428887949 0.7855530474040632 0.7627379915005944 0.37179422969100373 0.2144469525959368 0.48740882683142267 0.7855530474040632 0.5125911731685773 0.8212089077412513 
