precision recall f1 MCC TP FP FN FP AUC 
0.7592987134557642 0.7787810383747178 0.750467576394829 0.3414299369491263 0.22121896162528218 0.5180175176960328 0.7787810383747178 0.4819824823039672 0.7918080593849417 
0.7573518923022734 0.7765237020316027 0.7577036375541896 0.3532189897262452 0.2234762979683973 0.4792808600379654 0.7765237020316027 0.5207191399620347 0.7910922587486743 
0.7592027569454206 0.7787810383747178 0.7558897152288849 0.35108156438202925 0.22121896162528218 0.4954300309516001 0.7787810383747178 0.5045699690483999 0.7960896076352068 
0.7642460758265205 0.781038374717833 0.7658951210571696 0.3751575000541181 0.21896162528216703 0.45511048500415324 0.781038374717833 0.5448895149958468 0.7974151643690349 
0.7498762010315594 0.7720090293453724 0.7463963122672171 0.32509224770470063 0.22799097065462753 0.5147449784439938 0.7720090293453724 0.48525502155600614 0.7959437963944856 
0.760352950123815 0.7787810383747178 0.7607259944878773 0.3615410997089145 0.22121896162528218 0.4728425442071675 0.7787810383747178 0.5271574557928326 0.7959040296924709 
0.7501242391168395 0.7720090293453724 0.7477530225427371 0.32785731600975315 0.22799097065462753 0.5090981067578857 0.7720090293453724 0.4909018932421143 0.7958112407211029 
0.7656137558377766 0.7832957110609481 0.7644747271951815 0.37289793340166655 0.21670428893905191 0.471259655917788 0.7832957110609481 0.5287403440822122 0.7951484623541888 
0.7504401361332941 0.7720090293453724 0.7490714635660994 0.3306594663121328 0.22799097065462753 0.5034512350717776 0.7720090293453724 0.4965487649282224 0.7977730646871686 
0.7633254021515874 0.781038374717833 0.763728616603401 0.3697963776210514 0.21896162528216703 0.46640422837636947 0.781038374717833 0.5335957716236305 0.7951882290562036 
0.7563373161956489 0.7765237020316027 0.7540403454756819 0.3451196976622093 0.2234762979683973 0.49622147509628983 0.7765237020316027 0.5037785249037101 0.7944326617179215 
0.762953064440564 0.781038374717833 0.7625985135631959 0.3671751092810728 0.21896162528216703 0.47205110006247775 0.781038374717833 0.5279488999375223 0.7947507953340401 
0.7651552527399029 0.7832957110609481 0.7608715577752342 0.36563331709733976 0.21670428893905191 0.4882002709761124 0.7832957110609481 0.5117997290238876 0.7957449628844113 
0.760352950123815 0.7787810383747178 0.7607259944878773 0.3615410997089145 0.22121896162528218 0.4728425442071675 0.7787810383747178 0.5271574557928326 0.7956654294803818 
0.7621368380434278 0.781038374717833 0.756440022672476 0.354774000741218 0.21896162528216703 0.5002854584930185 0.781038374717833 0.4997145415069815 0.7955063626723223 
0.7642460758265205 0.781038374717833 0.7658951210571696 0.3751575000541181 0.21896162528216703 0.45511048500415324 0.781038374717833 0.5448895149958468 0.7980116648992577 
0.7681951046784402 0.7855530474040632 0.7651833456518355 0.3763477696651543 0.2144469525959368 0.47611508345920633 0.7855530474040632 0.5238849165407936 0.7973753976670201 
0.7662708149311348 0.7832957110609481 0.7667118680175179 0.3779871471768915 0.21670428893905191 0.4599659125455716 0.7832957110609481 0.5400340874544284 0.7992974549310712 
0.7769186821284767 0.7923250564334086 0.7720191772110507 0.39674301666344125 0.2076749435665914 0.468093879339029 0.7923250564334086 0.5319061206609711 0.7976405090137859 
0.7741554087171447 0.7900677200902935 0.7723882655812084 0.39508734839072795 0.20993227990970656 0.45759158011150236 0.7900677200902935 0.5424084198884976 0.7977730646871686 
0.7741631588116524 0.7900677200902935 0.7677329811532134 0.386439867584754 0.20993227990970656 0.4801790668559351 0.7900677200902935 0.519820933144065 0.799668610816543 
0.7853577529937256 0.7990970654627539 0.7821780175992209 0.4229995875003831 0.20090293453724606 0.44313206016052703 0.7990970654627539 0.5568679398394729 0.7996951219512196 
0.7681316763203585 0.7855530474040632 0.7639781092948462 0.3740401603623622 0.2144469525959368 0.48176195514531456 0.7855530474040632 0.5182380448546855 0.7998541887592789 
0.7714673020526633 0.7878103837471784 0.7704922804271475 0.38929893457391435 0.21218961625282168 0.45838302425619215 0.7878103837471784 0.5416169757438078 0.8001590668080593 
0.7682671565493621 0.7855530474040632 0.7614618778751053 0.3696148772594766 0.2144469525959368 0.4930556985175309 0.7855530474040632 0.5069443014824692 0.8003976670201486 
0.7711278231793436 0.7878103837471784 0.7682387631597564 0.3846228286943381 0.21218961625282168 0.4696767676284085 0.7878103837471784 0.5303232323715916 0.7996553552492046 
0.7621436989642459 0.781038374717833 0.7577430018479755 0.35714859179725356 0.21896162528216703 0.49463858680691036 0.781038374717833 0.5053614131930897 0.8020678685047721 
0.7626442391237627 0.781038374717833 0.76143591900186 0.3645966429047212 0.21896162528216703 0.4776979717485859 0.781038374717833 0.5223020282514141 0.8058457051961825 
0.7714578215609623 0.7878103837471784 0.7633277502073801 0.37602309441506154 0.21218961625282168 0.49226425437284105 0.7878103837471784 0.507735745627159 0.8060710498409331 
0.7711278231793436 0.7878103837471784 0.7682387631597564 0.3846228286943381 0.21218961625282168 0.4696767676284085 0.7878103837471784 0.5303232323715916 0.8064024390243902 
0.7592027569454206 0.7787810383747178 0.7558897152288849 0.35108156438202925 0.22121896162528218 0.4954300309516001 0.7787810383747178 0.5045699690483999 0.8068531283138919 
0.7685542365788544 0.7855530474040632 0.767493389572202 0.3811312288359004 0.2144469525959368 0.46482134008699 0.7855530474040632 0.5351786599130101 0.8078207847295864 
0.7681951046784402 0.7855530474040632 0.7651833456518355 0.3763477696651543 0.2144469525959368 0.47611508345920633 0.7855530474040632 0.5238849165407936 0.8089077412513256 
0.7741554087171447 0.7900677200902935 0.7723882655812084 0.39508734839072795 0.20993227990970656 0.45759158011150236 0.7900677200902935 0.5424084198884976 0.8077810180275716 
0.7710749838531277 0.7878103837471784 0.7670630723678128 0.3823720308595243 0.21218961625282168 0.4753236393145166 0.7878103837471784 0.5246763606854834 0.8082317073170732 
0.7740312084746509 0.7900677200902935 0.7712736130636388 0.39282882483214493 0.20993227990970656 0.4632384517976105 0.7900677200902935 0.5367615482023895 0.808695652173913 
0.7651552527399029 0.7832957110609481 0.7608715577752342 0.36563331709733976 0.21670428893905191 0.4882002709761124 0.7832957110609481 0.5117997290238876 0.8110286320254506 
0.7681951046784402 0.7855530474040632 0.7651833456518355 0.3763477696651543 0.2144469525959368 0.47611508345920633 0.7855530474040632 0.5238849165407936 0.8108828207847296 
0.7740288563827133 0.7900677200902935 0.7689469912044284 0.3885003917124388 0.20993227990970656 0.47453219516982686 0.7900677200902935 0.5254678048301731 0.8127518557794272 
0.765385899896589 0.7832957110609481 0.7633076730142193 0.37042383593503875 0.21670428893905191 0.4769065276038961 0.7832957110609481 0.5230934723961038 0.8125795334040297 
0.7770602443288673 0.7923250564334086 0.7708352428679328 0.39473682252796083 0.2076749435665914 0.47374075102513713 0.7923250564334086 0.526259248974863 0.8107370095440085 
0.7739870756428983 0.7900677200902935 0.7701268541644284 0.39063170232122557 0.20993227990970656 0.46888532348371875 0.7900677200902935 0.5311146765162813 0.8114130434782608 
0.7714578215609623 0.7878103837471784 0.7633277502073801 0.37602309441506154 0.21218961625282168 0.49226425437284105 0.7878103837471784 0.507735745627159 0.8110551431601274 
0.7739870756428983 0.7900677200902935 0.7701268541644284 0.39063170232122557 0.20993227990970656 0.46888532348371875 0.7900677200902935 0.5311146765162813 0.8120227995758218 
0.7712328224624767 0.7878103837471784 0.7646086688994995 0.3780668899946992 0.21218961625282168 0.48661738268673294 0.7878103837471784 0.5133826173132671 0.8111876988335099 
0.7681316763203585 0.7855530474040632 0.7639781092948462 0.3740401603623622 0.2144469525959368 0.48176195514531456 0.7855530474040632 0.5182380448546855 0.8115853658536587 
0.7712328224624767 0.7878103837471784 0.7646086688994995 0.3780668899946992 0.21218961625282168 0.48661738268673294 0.7878103837471784 0.5133826173132671 0.8131230116648993 
0.7710749838531277 0.7878103837471784 0.7670630723678128 0.3823720308595243 0.21218961625282168 0.4753236393145166 0.7878103837471784 0.5246763606854834 0.813109756097561 
0.7712328224624767 0.7878103837471784 0.7646086688994995 0.3780668899946992 0.21218961625282168 0.48661738268673294 0.7878103837471784 0.5133826173132671 0.8123541887592789 
0.7770602443288673 0.7923250564334086 0.7708352428679328 0.39473682252796083 0.2076749435665914 0.47374075102513713 0.7923250564334086 0.526259248974863 0.8132158006362672 
0.7682671565493621 0.7855530474040632 0.7614618778751053 0.3696148772594766 0.2144469525959368 0.4930556985175309 0.7855530474040632 0.5069443014824692 0.81296394485684 
0.7681316763203585 0.7855530474040632 0.7639781092948462 0.3740401603623622 0.2144469525959368 0.48176195514531456 0.7855530474040632 0.5182380448546855 0.8116251325556734 
0.7712328224624767 0.7878103837471784 0.7646086688994995 0.3780668899946992 0.21218961625282168 0.48661738268673294 0.7878103837471784 0.5133826173132671 0.8114395546129375 
0.7769186821284767 0.7923250564334086 0.7720191772110507 0.39674301666344125 0.2076749435665914 0.468093879339029 0.7923250564334086 0.5319061206609711 0.8110021208907741 
0.7682671565493621 0.7855530474040632 0.7614618778751053 0.3696148772594766 0.2144469525959368 0.4930556985175309 0.7855530474040632 0.5069443014824692 0.8118239660657476 
0.7826116697448527 0.7968397291196389 0.7781009434508307 0.4130208142129367 0.20316027088036118 0.4552172476774331 0.7968397291196389 0.5447827523225669 0.8123939554612938 
0.788606078679175 0.801354401805869 0.7819313868975268 0.42548498827127523 0.1986455981941309 0.4536343593880536 0.801354401805869 0.5463656406119465 0.8122216330858961 
0.788606078679175 0.801354401805869 0.7819313868975268 0.42548498827127523 0.1986455981941309 0.4536343593880536 0.801354401805869 0.5463656406119465 0.8117709437963945 
0.7830127401233496 0.7968397291196389 0.7758170854142818 0.40928857524327134 0.20316027088036118 0.46651099104964944 0.7968397291196389 0.5334890089503506 0.8115455991516437 
0.7855710175718144 0.7990970654627539 0.7800138711896143 0.41919956763336796 0.20090293453724606 0.45442580353274337 0.7990970654627539 0.5455741964672566 0.8117576882290563 
0.788606078679175 0.801354401805869 0.7819313868975268 0.42548498827127523 0.1986455981941309 0.4536343593880536 0.801354401805869 0.5463656406119465 0.8125795334040297 
0.7826116697448527 0.7968397291196389 0.7781009434508307 0.4130208142129367 0.20316027088036118 0.4552172476774331 0.7968397291196389 0.5447827523225669 0.8118637327677625 
0.782762380403826 0.7968397291196389 0.776975282054289 0.4111140024673583 0.20316027088036118 0.46086411936354127 0.7968397291196389 0.5391358806364588 0.812592788971368 
0.7797790466073562 0.7945823927765236 0.7750703626770213 0.40491563497729677 0.2054176072234763 0.461655563508231 0.7945823927765236 0.538344436491769 0.8128446447507953 
0.7770602443288673 0.7923250564334086 0.7708352428679328 0.39473682252796083 0.2076749435665914 0.47374075102513713 0.7923250564334086 0.526259248974863 0.8118239660657476 
0.7770602443288673 0.7923250564334086 0.7708352428679328 0.39473682252796083 0.2076749435665914 0.47374075102513713 0.7923250564334086 0.526259248974863 0.8130699893955461 
0.7801728887353556 0.7945823927765236 0.7727279708058326 0.40108550547850413 0.2054176072234763 0.47294930688044734 0.7945823927765236 0.5270506931195527 0.8131760339342524 
0.7769186821284767 0.7923250564334086 0.7720191772110507 0.39674301666344125 0.2076749435665914 0.468093879339029 0.7923250564334086 0.5319061206609711 0.8126193001060446 
0.7770602443288673 0.7923250564334086 0.7708352428679328 0.39473682252796083 0.2076749435665914 0.47374075102513713 0.7923250564334086 0.526259248974863 0.8128844114528103 
0.7769186821284767 0.7923250564334086 0.7720191772110507 0.39674301666344125 0.2076749435665914 0.468093879339029 0.7923250564334086 0.5319061206609711 0.8127651113467655 
0.7770602443288673 0.7923250564334086 0.7708352428679328 0.39473682252796083 0.2076749435665914 0.47374075102513713 0.7923250564334086 0.526259248974863 0.8121023329798516 
0.7769186821284767 0.7923250564334086 0.7720191772110507 0.39674301666344125 0.2076749435665914 0.468093879339029 0.7923250564334086 0.5319061206609711 0.8115323435843054 
0.7741631588116524 0.7900677200902935 0.7677329811532134 0.386439867584754 0.20993227990970656 0.4801790668559351 0.7900677200902935 0.519820933144065 0.8102332979851539 
0.7769186821284767 0.7923250564334086 0.7720191772110507 0.39674301666344125 0.2076749435665914 0.468093879339029 0.7923250564334086 0.5319061206609711 0.8103393425238601 
0.7830127401233496 0.7968397291196389 0.7758170854142818 0.40928857524327134 0.20316027088036118 0.46651099104964944 0.7968397291196389 0.5334890089503506 0.8101537645811242 
0.7830127401233496 0.7968397291196389 0.7758170854142818 0.40928857524327134 0.20316027088036118 0.46651099104964944 0.7968397291196389 0.5334890089503506 0.8105116648992576 
0.7801728887353556 0.7945823927765236 0.7727279708058326 0.40108550547850413 0.2054176072234763 0.47294930688044734 0.7945823927765236 0.5270506931195527 0.810949098621421 
0.7770602443288673 0.7923250564334086 0.7708352428679328 0.39473682252796083 0.2076749435665914 0.47374075102513713 0.7923250564334086 0.526259248974863 0.8108563096500531 
0.7741631588116524 0.7900677200902935 0.7677329811532134 0.386439867584754 0.20993227990970656 0.4801790668559351 0.7900677200902935 0.519820933144065 0.8100344644750795 
0.7770602443288673 0.7923250564334086 0.7708352428679328 0.39473682252796083 0.2076749435665914 0.47374075102513713 0.7923250564334086 0.526259248974863 0.8090535524920467 
0.7743974750552962 0.7900677200902935 0.7664837330777347 0.3844557537777354 0.20993227990970656 0.48582593854204315 0.7900677200902935 0.5141740614579567 0.8086823966065748 
0.7681316763203585 0.7855530474040632 0.7639781092948462 0.3740401603623622 0.2144469525959368 0.48176195514531456 0.7855530474040632 0.5182380448546855 0.8090668080593849 
0.7743974750552962 0.7900677200902935 0.7664837330777347 0.3844557537777354 0.20993227990970656 0.48582593854204315 0.7900677200902935 0.5141740614579567 0.8100344644750795 
0.7741631588116524 0.7900677200902935 0.7677329811532134 0.386439867584754 0.20993227990970656 0.4801790668559351 0.7900677200902935 0.519820933144065 0.8110816542948037 
0.7773017947426881 0.7923250564334086 0.769616995093127 0.3928088697735612 0.2076749435665914 0.47938762271124524 0.7923250564334086 0.5206123772887548 0.8109358430540827 
0.7741631588116524 0.7900677200902935 0.7677329811532134 0.386439867584754 0.20993227990970656 0.4801790668559351 0.7900677200902935 0.519820933144065 0.8110418875927888 
0.7805277935612305 0.7945823927765236 0.7715055882803641 0.3992966302959941 0.2054176072234763 0.4785961785665555 0.7945823927765236 0.5214038214334444 0.8101802757158008 
0.7801728887353556 0.7945823927765236 0.7727279708058326 0.40108550547850413 0.2054176072234763 0.47294930688044734 0.7945823927765236 0.5270506931195527 0.8100079533404029 
0.7810000648321143 0.7945823927765236 0.770247608525175 0.3976011808641372 0.2054176072234763 0.4842430502526637 0.7945823927765236 0.5157569497473363 0.8098621420996819 
0.7773017947426881 0.7923250564334086 0.769616995093127 0.3928088697735612 0.2076749435665914 0.47938762271124524 0.7923250564334086 0.5206123772887548 0.8093186638388122 
0.7810000648321143 0.7945823927765236 0.770247608525175 0.3976011808641372 0.2054176072234763 0.4842430502526637 0.7945823927765236 0.5157569497473363 0.8092921527041357 
0.7801728887353556 0.7945823927765236 0.7727279708058326 0.40108550547850413 0.2054176072234763 0.47294930688044734 0.7945823927765236 0.5270506931195527 0.8089209968186638 
0.7810000648321143 0.7945823927765236 0.770247608525175 0.3976011808641372 0.2054176072234763 0.4842430502526637 0.7945823927765236 0.5157569497473363 0.8094777306468718 
0.7861826186590588 0.7990970654627539 0.7777229604584516 0.4157311433722543 0.20090293453724606 0.4657195469049597 0.7990970654627539 0.5342804530950404 0.8098356309650053 
0.7872598019280678 0.7990970654627539 0.775297111634512 0.4126479366409023 0.20090293453724606 0.47701329027717604 0.7990970654627539 0.5229867097228239 0.8105116648992576 
0.7830127401233496 0.7968397291196389 0.7758170854142818 0.40928857524327134 0.20316027088036118 0.46651099104964944 0.7968397291196389 0.5334890089503506 0.8104056203605514 
0.7810000648321143 0.7945823927765236 0.770247608525175 0.3976011808641372 0.2054176072234763 0.4842430502526637 0.7945823927765236 0.5157569497473363 0.8108695652173913 
0.7776516920916505 0.7923250564334086 0.7683633299902018 0.3909655263154807 0.2076749435665914 0.4850344943973534 0.7923250564334086 0.5149655056026465 0.8114262990455992 
0.7816003331921445 0.7945823927765236 0.7689528621344488 0.39600731034849956 0.2054176072234763 0.48988992193877184 0.7945823927765236 0.5101100780612281 0.812407211028632 
0.7805277935612305 0.7945823927765236 0.7715055882803641 0.3992966302959941 0.2054176072234763 0.4785961785665555 0.7945823927765236 0.5214038214334444 0.8126723223753977 
0.7752014467979285 0.7900677200902935 0.7638749030604807 0.3807431288045698 0.20993227990970656 0.49711968191425954 0.7900677200902935 0.5028803180857405 0.8123409331919407 
0.7805277935612305 0.7945823927765236 0.7715055882803641 0.3992966302959941 0.2054176072234763 0.4785961785665555 0.7945823927765236 0.5214038214334444 0.8127518557794272 
0.7805277935612305 0.7945823927765236 0.7715055882803641 0.3992966302959941 0.2054176072234763 0.4785961785665555 0.7945823927765236 0.5214038214334444 0.8142497348886533 
0.7861826186590588 0.7990970654627539 0.7777229604584516 0.4157311433722543 0.20090293453724606 0.4657195469049597 0.7990970654627539 0.5342804530950404 0.8136532343584305 
0.7833707670228995 0.7968397291196389 0.7746253212867547 0.4075508495524233 0.20316027088036118 0.4721578627357576 0.7968397291196389 0.5278421372642425 0.8142629904559915 
0.7858232165074228 0.7990970654627539 0.7788847550235926 0.4174208544125917 0.20090293453724606 0.4600726752188514 0.7990970654627539 0.5399273247811485 0.8144883351007424 
0.7781194602798076 0.7923250564334086 0.7670730921601364 0.38921401431699876 0.2076749435665914 0.4906813660834616 0.7923250564334086 0.5093186339165384 0.8143690349946978 
0.7801728887353556 0.7945823927765236 0.7727279708058326 0.40108550547850413 0.2054176072234763 0.47294930688044734 0.7945823927765236 0.5270506931195527 0.8141171792152704 
0.7810000648321143 0.7945823927765236 0.770247608525175 0.3976011808641372 0.2054176072234763 0.4842430502526637 0.7945823927765236 0.5157569497473363 0.813759278897137 
0.7833707670228995 0.7968397291196389 0.7746253212867547 0.4075508495524233 0.20316027088036118 0.4721578627357576 0.7968397291196389 0.5278421372642425 0.8135206786850477 
