precision recall f1 MCC TP FP FN FP AUC 
0.7366762834828164 0.7607223476297968 0.7386522222865338 0.29942887213854225 0.23927765237020315 0.5130553274813345 0.7607223476297968 0.4869446725186655 0.7745758218451749 
0.7463400079964791 0.7629796839729119 0.7508984218319518 0.33422893739069304 0.23702031602708803 0.46144203816167123 0.7629796839729119 0.5385579618383288 0.7783271474019087 
0.7504401361332941 0.7720090293453724 0.7490714635660994 0.3306594663121328 0.22799097065462753 0.5034512350717776 0.7720090293453724 0.4965487649282224 0.7782343584305408 
0.7549474648089027 0.7720090293453724 0.7583732097600523 0.3541483280075697 0.22799097065462753 0.4582762615829122 0.7720090293453724 0.5417237384170878 0.775092788971368 
0.7450272208206083 0.7674943566591422 0.7454093116014636 0.3192120390408695 0.2325056433408578 0.505034123361157 0.7674943566591422 0.49496587663884295 0.7732635206786852 
0.7505091462091055 0.7697516930022573 0.7532703322903181 0.33983492781325314 0.23024830699774265 0.47600832078592653 0.7697516930022573 0.5239916792140735 0.7694459172852599 
0.7501242391168395 0.7720090293453724 0.7477530225427371 0.32785731600975315 0.22799097065462753 0.5090981067578857 0.7720090293453724 0.4909018932421143 0.7700159066808059 
0.7505091462091055 0.7697516930022573 0.7532703322903181 0.33983492781325314 0.23024830699774265 0.47600832078592653 0.7697516930022573 0.5239916792140735 0.7708377518557794 
0.7563373161956489 0.7765237020316027 0.7540403454756819 0.3451196976622093 0.2234762979683973 0.49622147509628983 0.7765237020316027 0.5037785249037101 0.7720307529162247 
0.7631035806128955 0.7787810383747178 0.7660493856619638 0.375462624366014 0.22121896162528218 0.4446081857766266 0.7787810383747178 0.5553918142233734 0.7736611876988335 
0.7569507544483186 0.7765237020316027 0.7565170719709704 0.35048055194100924 0.2234762979683973 0.48492773172407355 0.7765237020316027 0.5150722682759264 0.7752916224814422 
0.7618505448033693 0.7787810383747178 0.7640098181553548 0.3697954395401211 0.22121896162528218 0.455901929148843 0.7787810383747178 0.544098070851157 0.7769485683987275 
0.7578108582623255 0.7765237020316027 0.7588570416880069 0.3559928896461502 0.2234762979683973 0.4736339883518572 0.7765237020316027 0.5263660116481428 0.7779825026511135 
0.7624532647002081 0.7787810383747178 0.7650440017011809 0.3726136565203774 0.22121896162528218 0.4502550574627348 0.7787810383747178 0.5497449425372651 0.7799973488865324 
0.7688399460408489 0.7855530474040632 0.7686001915187946 0.3835998655959525 0.2144469525959368 0.4591744684008819 0.7855530474040632 0.5408255315991182 0.780501060445387 
0.7666920899352532 0.7832957110609481 0.7677838421555936 0.38059671653742405 0.21670428893905191 0.4543190408594634 0.7832957110609481 0.5456809591405366 0.7828207847295864 
0.7659101260882392 0.7832957110609481 0.7656091374575124 0.3754200171414145 0.21670428893905191 0.46561278423167973 0.7832957110609481 0.5343872157683203 0.786134676564157 
0.7677034462678967 0.7832957110609481 0.7698390220746262 0.3859341737765529 0.21670428893905191 0.4430252974872471 0.7832957110609481 0.5569747025127529 0.7903499469777305 
0.7688399460408489 0.7855530474040632 0.7686001915187946 0.3835998655959525 0.2144469525959368 0.4591744684008819 0.7855530474040632 0.5408255315991182 0.793001060445387 
0.7647881182023395 0.781038374717833 0.7669333102816819 0.3778931345008311 0.21896162528216703 0.4494636133180451 0.781038374717833 0.5505363866819549 0.798502120890774 
0.7741554087171447 0.7900677200902935 0.7723882655812084 0.39508734839072795 0.20993227990970656 0.45759158011150236 0.7900677200902935 0.5424084198884976 0.799575821845175 
0.7666920899352532 0.7832957110609481 0.7677838421555936 0.38059671653742405 0.21670428893905191 0.4543190408594634 0.7832957110609481 0.5456809591405366 0.7992974549310712 
0.7769069329933825 0.7923250564334086 0.7742882802287157 0.40096824512587026 0.2076749435665914 0.45680013596681257 0.7923250564334086 0.5431998640331874 0.8025450689289502 
0.77721726044427 0.7923250564334086 0.7764322068501214 0.4054466923063377 0.2076749435665914 0.44550639259459635 0.7923250564334086 0.5544936074054038 0.8022799575821845 
0.7712603444155798 0.7878103837471784 0.7693815037119488 0.38693308926376846 0.21218961625282168 0.46402989594230026 0.7878103837471784 0.5359701040576997 0.8013123011664899 
0.7741554087171447 0.7900677200902935 0.7723882655812084 0.39508734839072795 0.20993227990970656 0.45759158011150236 0.7900677200902935 0.5424084198884976 0.8039501590668081 
0.7740312084746509 0.7900677200902935 0.7712736130636388 0.39282882483214493 0.20993227990970656 0.4632384517976105 0.7900677200902935 0.5367615482023895 0.8063494167550371 
0.7770244780170876 0.7923250564334086 0.7753754233967828 0.4031778520064143 0.2076749435665914 0.4511532642807044 0.7923250564334086 0.5488467357192957 0.8084437963944856 
0.7769186821284767 0.7923250564334086 0.7720191772110507 0.39674301666344125 0.2076749435665914 0.468093879339029 0.7923250564334086 0.5319061206609711 0.8082847295864262 
0.7662708149311348 0.7832957110609481 0.7667118680175179 0.3779871471768915 0.21670428893905191 0.4599659125455716 0.7832957110609481 0.5400340874544284 0.8066012725344643 
0.776869746462098 0.7923250564334086 0.7731698533052935 0.3988218214536375 0.2076749435665914 0.46244700765292074 0.7923250564334086 0.5375529923470793 0.8071049840933192 
0.7714673020526633 0.7878103837471784 0.7704922804271475 0.38929893457391435 0.21218961625282168 0.45838302425619215 0.7878103837471784 0.5416169757438078 0.8064819724284199 
0.768337723799207 0.7855530474040632 0.7663547660327495 0.37871273386843307 0.2144469525959368 0.4704682117730982 0.7855530474040632 0.5295317882269018 0.8078738069989395 
0.7688399460408489 0.7855530474040632 0.7686001915187946 0.3835998655959525 0.2144469525959368 0.4591744684008819 0.7855530474040632 0.5408255315991182 0.807237539766702 
0.7681316763203585 0.7855530474040632 0.7639781092948462 0.3740401603623622 0.2144469525959368 0.48176195514531456 0.7855530474040632 0.5182380448546855 0.806110816542948 
0.7662708149311348 0.7832957110609481 0.7667118680175179 0.3779871471768915 0.21670428893905191 0.4599659125455716 0.7832957110609481 0.5400340874544284 0.8053950159066808 
0.7712603444155798 0.7878103837471784 0.7693815037119488 0.38693308926376846 0.21218961625282168 0.46402989594230026 0.7878103837471784 0.5359701040576997 0.8067338282078474 
0.7659101260882392 0.7832957110609481 0.7656091374575124 0.3754200171414145 0.21670428893905191 0.46561278423167973 0.7832957110609481 0.5343872157683203 0.8050371155885472 
0.7624031337139823 0.781038374717833 0.7602398371392425 0.36206383700908307 0.21896162528216703 0.4833448434346941 0.781038374717833 0.516655156565306 0.8050106044538706 
0.7685542365788544 0.7855530474040632 0.767493389572202 0.3811312288359004 0.2144469525959368 0.46482134008699 0.7855530474040632 0.5351786599130101 0.8058854718981973 
0.7710749838531277 0.7878103837471784 0.7670630723678128 0.3823720308595243 0.21218961625282168 0.4753236393145166 0.7878103837471784 0.5246763606854834 0.8040959703075293 
0.7659101260882392 0.7832957110609481 0.7656091374575124 0.3754200171414145 0.21670428893905191 0.46561278423167973 0.7832957110609481 0.5343872157683203 0.8039766702014848 
0.7711278231793436 0.7878103837471784 0.7682387631597564 0.3846228286943381 0.21218961625282168 0.4696767676284085 0.7878103837471784 0.5303232323715916 0.8043875927889713 
0.7740312084746509 0.7900677200902935 0.7712736130636388 0.39282882483214493 0.20993227990970656 0.4632384517976105 0.7900677200902935 0.5367615482023895 0.8069194061505833 
0.7739870756428983 0.7900677200902935 0.7701268541644284 0.39063170232122557 0.20993227990970656 0.46888532348371875 0.7900677200902935 0.5311146765162813 0.8068796394485684 
0.7685542365788544 0.7855530474040632 0.767493389572202 0.3811312288359004 0.2144469525959368 0.46482134008699 0.7855530474040632 0.5351786599130101 0.8081124072110286 
0.7769186821284767 0.7923250564334086 0.7720191772110507 0.39674301666344125 0.2076749435665914 0.468093879339029 0.7923250564334086 0.5319061206609711 0.8099284199363732 
0.7825535215711854 0.7968397291196389 0.7791950567454827 0.415003400987972 0.20316027088036118 0.44957037599132493 0.7968397291196389 0.5504296240086751 0.8096367974549311 
0.7740288563827133 0.7900677200902935 0.7689469912044284 0.3885003917124388 0.20993227990970656 0.47453219516982686 0.7900677200902935 0.5254678048301731 0.8101139978791091 
0.7740312084746509 0.7900677200902935 0.7712736130636388 0.39282882483214493 0.20993227990970656 0.4632384517976105 0.7900677200902935 0.5367615482023895 0.8108695652173913 
0.7769186821284767 0.7923250564334086 0.7720191772110507 0.39674301666344125 0.2076749435665914 0.468093879339029 0.7923250564334086 0.5319061206609711 0.810710498409332 
0.7769069329933825 0.7923250564334086 0.7742882802287157 0.40096824512587026 0.2076749435665914 0.45680013596681257 0.7923250564334086 0.5431998640331874 0.8108695652173913 
0.7710749838531277 0.7878103837471784 0.7670630723678128 0.3823720308595243 0.21218961625282168 0.4753236393145166 0.7878103837471784 0.5246763606854834 0.811240721102863 
0.7740312084746509 0.7900677200902935 0.7712736130636388 0.39282882483214493 0.20993227990970656 0.4632384517976105 0.7900677200902935 0.5367615482023895 0.8121288441145281 
0.7739870756428983 0.7900677200902935 0.7701268541644284 0.39063170232122557 0.20993227990970656 0.46888532348371875 0.7900677200902935 0.5311146765162813 0.8105381760339343 
0.7741554087171447 0.7900677200902935 0.7723882655812084 0.39508734839072795 0.20993227990970656 0.45759158011150236 0.7900677200902935 0.5424084198884976 0.8102200424178156 
0.7799260364450681 0.7945823927765236 0.7739158731140106 0.40296062306251523 0.2054176072234763 0.4673024351943392 0.7945823927765236 0.5326975648056609 0.8113467656415695 
0.7797246931500952 0.7945823927765236 0.7761924600945284 0.4069449157958569 0.2054176072234763 0.45600869182212284 0.7945823927765236 0.5439913081778771 0.8124867444326617 
0.7826116697448527 0.7968397291196389 0.7781009434508307 0.4130208142129367 0.20316027088036118 0.4552172476774331 0.7968397291196389 0.5447827523225669 0.8117444326617178 
0.7826116697448527 0.7968397291196389 0.7781009434508307 0.4130208142129367 0.20316027088036118 0.4552172476774331 0.7968397291196389 0.5447827523225669 0.8122481442205728 
0.7797790466073562 0.7945823927765236 0.7750703626770213 0.40491563497729677 0.2054176072234763 0.461655563508231 0.7945823927765236 0.538344436491769 0.812407211028632 
0.7854181778255394 0.7990970654627539 0.7811113071254179 0.4210610067595687 0.20090293453724606 0.4487789318466352 0.7990970654627539 0.5512210681533649 0.81203605514316 
0.782762380403826 0.7968397291196389 0.776975282054289 0.4111140024673583 0.20316027088036118 0.46086411936354127 0.7968397291196389 0.5391358806364588 0.8126325556733828 
0.7826116697448527 0.7968397291196389 0.7781009434508307 0.4130208142129367 0.20316027088036118 0.4552172476774331 0.7968397291196389 0.5447827523225669 0.8131230116648993 
0.7799260364450681 0.7945823927765236 0.7739158731140106 0.40296062306251523 0.2054176072234763 0.4673024351943392 0.7945823927765236 0.5326975648056609 0.8131627783669141 
0.7883535930276071 0.801354401805869 0.7830320335963676 0.4272198069722361 0.1986455981941309 0.44798748770194546 0.801354401805869 0.5520125122980546 0.8134676564156946 
0.782762380403826 0.7968397291196389 0.776975282054289 0.4111140024673583 0.20316027088036118 0.46086411936354127 0.7968397291196389 0.5391358806364588 0.8142762460233298 
0.7911116625009834 0.8036117381489842 0.7860301541563074 0.43517709772328067 0.1963882618510158 0.44154917187114756 0.8036117381489842 0.5584508281288525 0.814939024390244 
0.782762380403826 0.7968397291196389 0.776975282054289 0.4111140024673583 0.20316027088036118 0.46086411936354127 0.7968397291196389 0.5391358806364588 0.815601802757158 
0.7855710175718144 0.7990970654627539 0.7800138711896143 0.41919956763336796 0.20090293453724606 0.45442580353274337 0.7990970654627539 0.5455741964672566 0.8145811240721103 
0.782762380403826 0.7968397291196389 0.776975282054289 0.4111140024673583 0.20316027088036118 0.46086411936354127 0.7968397291196389 0.5391358806364588 0.815084835630965 
0.7938466987267913 0.8058690744920993 0.789008609779017 0.4430737127121757 0.19413092550790068 0.43511085604034955 0.8058690744920993 0.5648891439596504 0.8155487804878049 
0.7883535930276071 0.801354401805869 0.7830320335963676 0.4272198069722361 0.1986455981941309 0.44798748770194546 0.801354401805869 0.5520125122980546 0.8158404029692471 
0.7911116625009834 0.8036117381489842 0.7860301541563074 0.43517709772328067 0.1963882618510158 0.44154917187114756 0.8036117381489842 0.5584508281288525 0.8161320254506893 
0.782762380403826 0.7968397291196389 0.776975282054289 0.4111140024673583 0.20316027088036118 0.46086411936354127 0.7968397291196389 0.5391358806364588 0.816675503711559 
0.7911116625009834 0.8036117381489842 0.7860301541563074 0.43517709772328067 0.1963882618510158 0.44154917187114756 0.8036117381489842 0.5584508281288525 0.8166887592788973 
0.7883535930276071 0.801354401805869 0.7830320335963676 0.4272198069722361 0.1986455981941309 0.44798748770194546 0.801354401805869 0.5520125122980546 0.8155487804878049 
0.7936960059103602 0.8058690744920993 0.7900248523056882 0.44481460430391406 0.19413092550790068 0.42946398435424143 0.8058690744920993 0.5705360156457586 0.814753446447508 
0.7826116697448527 0.7968397291196389 0.7781009434508307 0.4130208142129367 0.20316027088036118 0.4552172476774331 0.7968397291196389 0.5447827523225669 0.8142762460233298 
0.7882001101489883 0.801354401805869 0.7841018332622497 0.42903855685007375 0.1986455981941309 0.4423406160158373 0.801354401805869 0.5576593839841627 0.8139448568398726 
0.7797790466073562 0.7945823927765236 0.7750703626770213 0.40491563497729677 0.2054176072234763 0.461655563508231 0.7945823927765236 0.538344436491769 0.8136797454931071 
0.7797246931500952 0.7945823927765236 0.7761924600945284 0.4069449157958569 0.2054176072234763 0.45600869182212284 0.7945823927765236 0.5439913081778771 0.8123409331919407 
0.7858232165074228 0.7990970654627539 0.7788847550235926 0.4174208544125917 0.20090293453724606 0.4600726752188514 0.7990970654627539 0.5399273247811485 0.8130302226935313 
0.7826116697448527 0.7968397291196389 0.7781009434508307 0.4130208142129367 0.20316027088036118 0.4552172476774331 0.7968397291196389 0.5447827523225669 0.8127518557794272 
0.7855710175718144 0.7990970654627539 0.7800138711896143 0.41919956763336796 0.20090293453724606 0.45442580353274337 0.7990970654627539 0.5455741964672566 0.8125662778366914 
0.7854181778255394 0.7990970654627539 0.7811113071254179 0.4210610067595687 0.20090293453724606 0.4487789318466352 0.7990970654627539 0.5512210681533649 0.8125265111346766 
0.7826116697448527 0.7968397291196389 0.7781009434508307 0.4130208142129367 0.20316027088036118 0.4552172476774331 0.7968397291196389 0.5447827523225669 0.8119962884411452 
0.7909589251320162 0.8036117381489842 0.7870728936082271 0.4369557070552106 0.1963882618510158 0.4359023001850393 0.8036117381489842 0.5640976998149606 0.8132423117709437 
0.7882001101489883 0.801354401805869 0.7841018332622497 0.42903855685007375 0.1986455981941309 0.4423406160158373 0.801354401805869 0.5576593839841627 0.8142099681866384 
0.7853577529937256 0.7990970654627539 0.7821780175992209 0.4229995875003831 0.20090293453724606 0.44313206016052703 0.7990970654627539 0.5568679398394729 0.8143027571580064 
0.776869746462098 0.7923250564334086 0.7731698533052935 0.3988218214536375 0.2076749435665914 0.46244700765292074 0.7923250564334086 0.5375529923470793 0.8145148462354189 
0.776869746462098 0.7923250564334086 0.7731698533052935 0.3988218214536375 0.2076749435665914 0.46244700765292074 0.7923250564334086 0.5375529923470793 0.814567868504772 
0.7739870756428983 0.7900677200902935 0.7701268541644284 0.39063170232122557 0.20993227990970656 0.46888532348371875 0.7900677200902935 0.5311146765162813 0.8149920466595971 
0.7739870756428983 0.7900677200902935 0.7701268541644284 0.39063170232122557 0.20993227990970656 0.46888532348371875 0.7900677200902935 0.5311146765162813 0.8153366914103923 
0.7681316763203585 0.7855530474040632 0.7639781092948462 0.3740401603623622 0.2144469525959368 0.48176195514531456 0.7855530474040632 0.5182380448546855 0.8155090137857899 
0.7797246931500952 0.7945823927765236 0.7761924600945284 0.4069449157958569 0.2054176072234763 0.45600869182212284 0.7945823927765236 0.5439913081778771 0.8159066808059385 
0.776869746462098 0.7923250564334086 0.7731698533052935 0.3988218214536375 0.2076749435665914 0.46244700765292074 0.7923250564334086 0.5375529923470793 0.8152439024390243 
0.7797246931500952 0.7945823927765236 0.7761924600945284 0.4069449157958569 0.2054176072234763 0.45600869182212284 0.7945823927765236 0.5439913081778771 0.814899257688229 
0.7797246931500952 0.7945823927765236 0.7761924600945284 0.4069449157958569 0.2054176072234763 0.45600869182212284 0.7945823927765236 0.5439913081778771 0.8149787910922589 
0.7797246931500952 0.7945823927765236 0.7761924600945284 0.4069449157958569 0.2054176072234763 0.45600869182212284 0.7945823927765236 0.5439913081778771 0.8148727465535525 
0.7797246931500952 0.7945823927765236 0.7761924600945284 0.4069449157958569 0.2054176072234763 0.45600869182212284 0.7945823927765236 0.5439913081778771 0.8143690349946978 
0.7797246931500952 0.7945823927765236 0.7761924600945284 0.4069449157958569 0.2054176072234763 0.45600869182212284 0.7945823927765236 0.5439913081778771 0.8139713679745494 
0.7797246931500952 0.7945823927765236 0.7761924600945284 0.4069449157958569 0.2054176072234763 0.45600869182212284 0.7945823927765236 0.5439913081778771 0.8143557794273595 
0.7797246931500952 0.7945823927765236 0.7761924600945284 0.4069449157958569 0.2054176072234763 0.45600869182212284 0.7945823927765236 0.5439913081778771 0.8137327677624602 
0.7797246931500952 0.7945823927765236 0.7761924600945284 0.4069449157958569 0.2054176072234763 0.45600869182212284 0.7945823927765236 0.5439913081778771 0.8133351007423117 
0.7825535215711854 0.7968397291196389 0.7791950567454827 0.415003400987972 0.20316027088036118 0.44957037599132493 0.7968397291196389 0.5504296240086751 0.8132555673382822 
0.7825535215711854 0.7968397291196389 0.7791950567454827 0.415003400987972 0.20316027088036118 0.44957037599132493 0.7968397291196389 0.5504296240086751 0.8128711558854719 
0.7825535215711854 0.7968397291196389 0.7791950567454827 0.415003400987972 0.20316027088036118 0.44957037599132493 0.7968397291196389 0.5504296240086751 0.8128976670201484 
0.776869746462098 0.7923250564334086 0.7731698533052935 0.3988218214536375 0.2076749435665914 0.46244700765292074 0.7923250564334086 0.5375529923470793 0.8136664899257687 
0.7797246931500952 0.7945823927765236 0.7761924600945284 0.4069449157958569 0.2054176072234763 0.45600869182212284 0.7945823927765236 0.5439913081778771 0.8131892895015906 
